1e-06 0.9999985570525898 0.02340845245232981 0.9765901383774258
2e-06 0.9998791461907841 0.01381659173487862 0.986064224243647
3e-06 0.9995442742764611 0.009566218434376994 0.9899824154139016
4e-06 0.9991589718961773 0.00773500363991721 0.9914304736117044
4.9999999999999996e-06 0.998796480962858 0.006892914647828818 0.9919118620690293
6e-06 0.9984887056088623 0.0066570679107592 0.991841698487498
7e-06 0.9981724868321236 0.006263080804099889 0.9919208518906647
8e-06 0.9978829582254762 0.006299415764094386 0.9915968785877095
9e-06 0.997653689014055 0.006052238528476385 0.9916156509193276
9.999999999999999e-06 0.9972290721242931 0.005749485960819126 0.9914955175743938
1.1e-05 0.9968952628230059 0.006080051005714963 0.9908340887776864
1.2e-05 0.9966540610921897 0.005847433569760887 0.9908261926779207
1.3e-05 0.9960590619476435 0.005601043879208553 0.9904800914353914
1.4e-05 0.9955841997557233 0.006338255345256596 0.9892739328799687
1.4999999999999999e-05 0.9952141666212393 0.005761014180784225 0.989480723694417
1.6e-05 0.9944748365062472 0.00628121045300805 0.9882283307679308
1.7e-05 0.993842016868568 0.006469992063799752 0.9874118669067576
1.8e-05 0.9933629233864734 0.006130942665689489 0.9872726722569692
1.8999999999999998e-05 0.9923863257011372 0.006869873234589333 0.9855687574438304
1.9999999999999998e-05 0.991622873460285 0.006588939733951395 0.9850891301082475
2.1e-05 0.9908500663334101 0.0068781335437113535 0.9840348672553737
2.2e-05 0.9897502910370077 0.00705770412402959 0.9827649263261963
2.3e-05 0.9889089505527016 0.006685929694987158 0.9822971748345627
2.4e-05 0.9877730204984772 0.0075580459003461945 0.9803073866704262
2.4999999999999998e-05 0.9865480505526212 0.007202083910750442 0.979442848710554
2.6e-05 0.9854299913313591 0.0069347548935003184 0.9785962758767719
2.7e-05 0.9841259539869143 0.007742207233710325 0.9765066469070747
2.8e-05 0.9827760443058997 0.007280153210013279 0.9756212841322219
2.9e-05 0.9813814641712035 0.007693088857441173 0.9738316093642888
2.9999999999999997e-05 0.9804733558490004 0.008473982418186192 0.9721648418700359
3.1e-05 0.9796147395869073 0.007692760142942491 0.9720787983627741
3.2e-05 0.9787342415127926 0.008449849884655976 0.9704640840950369
3.2999999999999996e-05 0.9777043388356284 0.008608490697893052 0.9692877801294721
3.4e-05 0.9766676402325234 0.00843993224661025 0.9684246315215043
3.5e-05 0.9756065952206854 0.009200109131231687 0.9666309080755057
3.6e-05 0.9743727608839301 0.008684886304926285 0.9659104442370361
3.7e-05 0.97315422406183 0.009179693344409368 0.9642209667081258
3.7999999999999995e-05 0.9719152109572224 0.009358834148425539 0.9628192176915418
3.9e-05 0.9704936291777448 0.008690444885104426 0.9620596077820307
3.9999999999999996e-05 0.9690900463125485 0.009908697229760836 0.9594876264552625
4.1e-05 0.9676753006597496 0.009375342432739055 0.9586030133523608
4.2e-05 0.9660578113922622 0.009340201758758118 0.9570346365232342
4.2999999999999995e-05 0.964493719774093 0.010091669638025394 0.9547603677861826
4.4e-05 0.9628578679015682 0.009362480095361631 0.9538431302786774
4.4999999999999996e-05 0.9610946000915652 0.010039230525101417 0.9514459498448159
4.6e-05 0.9593859164960992 0.010738339666208907 0.949083704653787
4.7e-05 0.9575457907053844 0.010048106828572927 0.9479242683071263
4.8e-05 0.9556398443457403 0.010723945585192948 0.9453916146559344
4.9e-05 0.9537140549239451 0.010939027921235904 0.943281350248257
4.9999999999999996e-05 0.9517266632007231 0.01071939416887474 0.9415247299568466
5.1e-05 0.9496904184710702 0.01139239193353532 0.9388711730083246
5.2e-05 0.9481983521711106 0.010849275652089652 0.937911086875549
5.3e-05 0.9467179841913314 0.011374447256857198 0.9359495904130288
5.4e-05 0.9451612080021412 0.011626227947588788 0.9341725483506899
5.4999999999999995e-05 0.9435459224001572 0.010866612332572377 0.9332927746434553
5.6e-05 0.9419265823016107 0.012011786698947112 0.9306123611089355
5.6999999999999996e-05 0.9401888276468164 0.011481167119864542 0.9293943625923737
5.8e-05 0.93845020590515 0.011488189756640364 0.9276691118625535
5.9e-05 0.9366873573187677 0.012284529435831332 0.9251805939056142
5.9999999999999995e-05 0.9347831275801783 0.011487003863947513 0.9240452701817119
6.1e-05 0.9328902259023701 0.012092062088859809 0.9216096593686682
6.2e-05 0.9309938873023225 0.012710116175798605 0.9191608468357515
6.3e-05 0.9289340186938202 0.012077269071525773 0.9177150326003612
6.4e-05 0.9269128288152635 0.0126772072304219 0.9151621627998359
6.5e-05 0.924866291129345 0.013034287859265858 0.9128113176594336
6.599999999999999e-05 0.9226851522488462 0.012648987326394967 0.9110141194517977
6.7e-05 0.9205577210789391 0.01324275343146733 0.9083670021592573
6.8e-05 0.9183517730014596 0.012754048139716825 0.9066390702794047
6.9e-05 0.9160667059138956 0.01320138666662822 0.903973355116702
7e-05 0.9137957308102456 0.013618647831577554 0.9013510685623418
7.099999999999999e-05 0.911476170222052 0.012710444140339283 0.8998909032751942
7.2e-05 0.9091078095651219 0.01373385751720134 0.8966222524407795
7.3e-05 0.9067081849631136 0.013301614843326481 0.8946475019114426
7.4e-05 0.9043287340360637 0.013230288089651335 0.8923642043570169
7.5e-05 0.9024215348107447 0.014166965386025202 0.8896369601634772
7.599999999999999e-05 0.9004923106536034 0.013196220162430813 0.8886092158676423
7.7e-05 0.8984942125936692 0.013730773211079475 0.8861571923290781
7.8e-05 0.8964962315054024 0.014273029719219218 0.8837005141499578
7.9e-05 0.8944455383947731 0.013684195626282411 0.8822057706703236
7.999999999999999e-05 0.8923320154811434 0.014211542211088682 0.8796506013768273
8.099999999999999e-05 0.8902184970644758 0.01474581437441394 0.8770915003540932
8.2e-05 0.8880815870501464 0.014152785346892446 0.8755127589780981
8.3e-05 0.8858813778452279 0.014672393724314906 0.8728833774764441
8.4e-05 0.8836659131721194 0.014337384739152248 0.8709964549940964
8.499999999999999e-05 0.8814246715778924 0.014601827653358365 0.868554260434094
8.599999999999999e-05 0.8791227668278945 0.01511321738331585 0.8658363933462024
8.7e-05 0.8768359546232554 0.014121584987912716 0.8644536411695855
8.8e-05 0.8745281373526543 0.01503123762014913 0.8613828971146001
8.9e-05 0.8721140623849228 0.014759583339881449 0.8592420221992699
8.999999999999999e-05 0.8697519347689093 0.014541451326779295 0.8571044793430951
9.099999999999999e-05 0.8673578385025058 0.01544102278931786 0.8539649463516952
9.2e-05 0.8648516047035151 0.014474979874030527 0.8523328951314086
9.3e-05 0.8624073919716766 0.014942525965789488 0.8495208471240511
9.4e-05 0.8599336361308625 0.015414610508559218 0.8466780940666961
9.499999999999999e-05 0.8574015363268712 0.014865286265553945 0.8446560170448465
9.6e-05 0.8548827517209772 0.015324900980233896 0.8417817582011433
9.7e-05 0.8523372176479531 0.015788577445992102 0.838880025477017
9.8e-05 0.8497568142976104 0.015237267210892108 0.8368088426538812
9.9e-05 0.8471705550914717 0.01568871294671287 0.8338795394357341
9.999999999999999e-05 0.8445651311224891 0.015571771155077963 0.8314137561750913
