#e : 3
#c : 1e-06
#r : 1000
0 0
0.01 0.02985049875249568
0.02 0.05940398007973424
0.03 0.08866339935447554
0.04 0.11763168254303047
0.05 0.14631172649785795
0.06 0.17470639924725384
0.07 0.20281854028215518
0.08 0.23065096084009273
0.09 0.25820644418631544
0.1 0.28548774589212145
0.11 0.2826470953579196
0.12 0.2798347097687935
0.13 0.2770503078838407
0.14 0.2742936112605523
0.15 0.2715643442269688
0.16 0.2688622338541123
0.17 0.2661870099286938
0.18 0.26353840492609143
0.19 0.26091615398359774
0.2 0.25831999487393326
0.21 0.2856001667315193
0.22 0.3126088963437714
0.23 0.3393488846061576
0.24 0.3658228055397878
0.25 0.39203330655881685
0.26 0.4179830087351891
0.27 0.4436745070607468
0.28 0.46911037070673245
0.29 0.49429314328070684
0.3 0.5192253430809135
0.31 0.5140589645956132
0.32 0.5089439924351562
0.33 0.5038799150980643
0.34 0.49886622617238346
0.35000000000000003 0.49390242428504316
0.36 0.488988013051718
0.37 0.48412250102718946
0.38 0.47930540165620034
0.39 0.4745362332247994
0.4 0.469814518812169
0.41000000000000003 0.494990284995429
0.42 0.5199155481196739
0.43 0.5445928007319865
0.44 0.5690245105781929
0.45 0.5932131208496374
0.46 0.6171610504275045
0.47000000000000003 0.6408706941247084
0.48 0.6643444229253775
0.49 0.6875845842219528
0.5 0.7105935020499312
0.51 0.7035229785677736
0.52 0.6965228079697436
0.53 0.6895922902329484
0.54 0.6827307322998386
0.55 0.675937448008903
0.56 0.6692117580260514
0.5700000000000001 0.6625529897766806
0.58 0.6559604773784169
0.59 0.6494335615745266
0.6 0.6429715896679901
0.61 0.6664244142087276
0.62 0.6896438792462335
0.63 0.7126323067463606
0.64 0.7353919955710163
0.65 0.7579252217080493
0.66 0.7802342384988514
0.67 0.8023212768636924
0.68 0.8241885455248149
0.6900000000000001 0.8458382312273074
0.7000000000000001 0.867272498957782
0.71 0.8586429934083777
0.72 0.8500993528738522
0.73 0.8416407229830327
0.74 0.8332662578658812
0.75 0.824975120068907
0.76 0.8167664804714214
0.77 0.8086395182026239
0.78 0.8005934205595151
0.79 0.7926273829256257
0.8 0.7847406086905538
0.81 0.8067828079227995
0.8200000000000001 0.8286056836081507
0.8300000000000001 0.8502114180523611
0.84 0.8716021718468804
0.85 0.8927800840849135
0.86 0.9137472725753327
0.87 0.9345058340544596
0.88 0.9550578443957414
0.89 0.9754053588173384
0.9 0.9955504120876495
0.91 0.9856445199762932
0.92 0.9758371931383075
0.93 0.9661274508328361
0.9400000000000001 0.9565143220775569
0.9500000000000001 0.9469968455515835
0.96 0.9375740694993319
0.97 0.9282450516353444
0.98 0.9190088590500606
0.99 0.9098645681165252
1 0.9008112643980243
1.01 0.9216985413091375
1.02 0.9423779863424584
1.03 0.9628516674597225
1.04 0.9831216320461034
1.05 1.003189907114951
1.06 1.0230584995104965
1.07 1.0427293961085362
1.08 1.0622045640151225
1.09 1.0814859507632755
1.1 1.1005754845077378
1.11 1.089624575465296
1.12 1.078782629788424
1.1300000000000001 1.0680485632735195
1.1400000000000001 1.0574213025049857
1.1500000000000001 1.0468997847478898
1.16 1.0364829578416883
1.17 1.0261697800950094
1.18 1.0159592201814844
1.19 1.005850257036613
1.2 0.9958418797556566
1.21 1.0157835862450426
1.22 1.035526869439534
1.23 1.055073703683903
1.24 1.074426043677863
1.25 1.0935858246715404
1.26 1.1125549626590012
1.27 1.131335354569852
1.28 1.1499288784589339
1.29 1.1683373936941306
1.3 1.1865627411423063
1.31 1.1747562446008974
1.32 1.1630672246629155
1.33 1.1514945124166258
1.34 1.1400369505811596
1.35 1.1286933933907857
1.36 1.1174627064803317
1.37 1.106343766771748
1.3800000000000001 1.0953354623617972
1.3900000000000001 1.0844366924108655
1.4000000000000001 1.073646367032875
1.41 1.092813905938792
1.42 1.111790724645976
1.43 1.1305787208521114
1.44 1.1491797733724758
1.45 1.167595742327822
1.46 1.1858284693303927
1.47 1.2038797776680814
1.48 1.2217514724867653
1.49 1.239445340970819
1.5 1.2569631525218363
1.51 1.2444561601830744
1.52 1.2320736144973805
1.53 1.2198142771998683
1.54 1.207676922346591
1.55 1.1956603361919496
1.56 1.183763317067314
1.57 1.171984675260858
1.58 1.160323232898585
1.59 1.1487778238265414
1.6 1.1373472934941984
1.61 1.1558809975914932
1.62 1.1742302882517763
1.6300000000000001 1.1923970004194047
1.6400000000000001 1.210382950780734
1.6500000000000001 1.228189937945789
1.6600000000000001 1.2458197426281252
1.67 1.2632741278229025
1.68 1.2805548389831858
1.69 1.2976636041944916
1.7 1.3146021343475986
1.71 1.3015216245571417
1.72 1.288571268013745
1.73 1.275749769670963
1.74 1.2630558473682763
1.75 1.2504882317028765
1.76 1.2380456659027241
1.77 1.2257269057008702
1.78 1.2135307192110285
1.79 1.2014558868043872
1.8 1.1895012009876427
1.81 1.2075159650347471
1.82 1.2253514791846136
1.83 1.2430095270035197
1.84 1.2604918743109625
1.85 1.2778002693562414
1.86 1.2949364429932848
1.87 1.3119021088537364
1.8800000000000001 1.3286989635183208
1.8900000000000001 1.345328686686501
1.9000000000000001 1.361792941344453
1.9100000000000001 1.3482428751788662
1.92 1.3348276344243368
1.93 1.32154587754561
1.94 1.3083962763559296
1.95 1.2953775158842187
1.96 1.282488294243581
1.97 1.2697273225011114
1.98 1.2570933245490015
1.99 1.244585036976928
