#e : 3
#c : 1e-06
#r : 100
0.1 0
0.11 0.28548774589212145
0.12 0.5438077407660545
0.13 0.7775453379548467
0.14 0.9890398618930824
0.15 1.1804080208620997
0.16 1.353565091717921
0.17 1.5102440886257718
0.18 1.6520131076483353
0.19 1.780291020778203
0.2 1.8963616764856734
0.21 2.001386748905762
0.22 2.0964173642633943
0.23 2.1824046208979624
0.24 2.260209108175181
0.25 2.3306095195547107
0.26 2.394310446016034
0.27 2.4519494278417966
0.28 2.5041033353352407
0.29 2.551294142332095
0.3 2.593994150290162
0.31 2.6326307152410546
0.32 2.6675905249129985
0.33 2.699223468831589
0.34 2.7278461401317626
0.35000000000000003 2.753745004128304
0.36 2.7771792653569984
0.37 2.798383461780751
0.38 2.817569812124346
0.39 2.8349303398307786
0.4 2.8506387948964083
0.41000000000000003 2.864852392819327
0.42 2.8777133880649015
0.43 2.88935049779628
0.44 2.899880190119022
0.45 2.9094078497330447
0.46 2.9180288326581225
0.47000000000000003 2.9258294205889817
0.48 2.9328876844315035
0.49 2.9392742656625868
0.5 2.9450530833337973
0.51 2.9502819737947164
0.52 2.9550132695385667
0.53 2.9592943229633972
0.54 2.9631679802907946
0.55 2.966673010385273
0.56 2.969844492766099
0.5700000000000001 2.9727141686949126
0.58 2.97531075885294
0.59 2.9776602507872267
0.6 2.9797861590027432
0.61 2.981709760303453
0.62 2.9834503067377174
0.63 2.9850252182792696
0.64 2.9864502571721623
0.65 2.987739685684608
0.66 2.9889064088505513
0.67 2.9899621036275863
0.68 2.9909173357638723
0.6900000000000001 2.991781665543695
0.7000000000000001 2.9925637434700008
0.71 2.9932713968415428
0.72 2.9939117080911126
0.73 2.9944910856689133
0.74 2.9950153281804783
0.75 2.9954896824210673
0.76 2.9959188958873564
0.77 2.9963072642919797
0.78 2.996658674556466
0.79 2.9969766437128547
0.8 2.9972643541033364
0.81 2.997524685230202
0.8200000000000001 2.99776024257487
0.8300000000000001 2.9979733836744185
0.84 2.9981662417166115
0.85 2.998340746889556
0.86 2.9984986456996783
0.87 2.9986415184513397
0.88 2.9987707950630607
0.89 2.998887769378623
0.9 2.9989936121162923
0.91 2.9990893825857636
0.92 2.9991760392900835
0.93 2.999254449518676
0.9400000000000001 2.9993253980274632
0.9500000000000001 2.999389594892968
0.96 2.9994476826189973
0.97 2.999500242567037
0.98 2.999547800774714
0.99 2.9995908332205543
