#e : 3
#c : 1e-06
#r : 1
0 0
0.01 2.9998638002107123
0.02 2.999999993816539
0.03 2.9999999999997193
0.04 3
0.05 3
0.06 3
0.07 3
0.08 3
0.09 3
0.1 3
0.11 0.00013619978928745428
0.12 6.183460867315652e-09
0.13 2.8072868906520324e-13
0.14 1.2745062765874677e-17
0.15 5.786249543891712e-22
0.16 2.6269532288089184e-26
0.17 1.192634920772577e-30
0.18 5.414554163536168e-35
0.19 2.4582037871971195e-39
0.2 1.116022792806235e-43
0.21 2.9998638002107123
0.22 2.999999993816539
0.23 2.9999999999997193
0.24 3
0.25 3
0.26 3
0.27 3
0.28 3
0.29 3
0.3 3
0.31 0.00013619978928745428
0.32 6.183460867315652e-09
0.33 2.8072868906520324e-13
0.34 1.2745062765874677e-17
0.35000000000000003 5.786249543891712e-22
0.36 2.6269532288089184e-26
0.37 1.192634920772577e-30
0.38 5.414554163536168e-35
0.39 2.4582037871971195e-39
0.4 1.116022792806235e-43
0.41000000000000003 2.9998638002107123
0.42 2.999999993816539
0.43 2.9999999999997193
0.44 3
0.45 3
0.46 3
0.47000000000000003 3
0.48 3
0.49 3
0.5 3
0.51 0.00013619978928745428
0.52 6.183460867315652e-09
0.53 2.8072868906520324e-13
0.54 1.2745062765874677e-17
0.55 5.786249543891712e-22
0.56 2.6269532288089184e-26
0.5700000000000001 1.192634920772577e-30
0.58 5.414554163536168e-35
0.59 2.4582037871971195e-39
0.6 1.116022792806235e-43
0.61 2.9998638002107123
0.62 2.999999993816539
0.63 2.9999999999997193
0.64 3
0.65 3
0.66 3
0.67 3
0.68 3
0.6900000000000001 3
0.7000000000000001 3
0.71 0.00013619978928745428
0.72 6.183460867315652e-09
0.73 2.8072868906520324e-13
0.74 1.2745062765874677e-17
0.75 5.786249543891712e-22
0.76 2.6269532288089184e-26
0.77 1.192634920772577e-30
0.78 5.414554163536168e-35
0.79 2.4582037871971195e-39
0.8 1.116022792806235e-43
0.81 2.9998638002107123
0.8200000000000001 2.999999993816539
0.8300000000000001 2.9999999999997193
0.84 3
0.85 3
0.86 3
0.87 3
0.88 3
0.89 3
0.9 3
0.91 0.00013619978928745428
0.92 6.183460867315652e-09
0.93 2.8072868906520324e-13
0.9400000000000001 1.2745062765874677e-17
0.9500000000000001 5.786249543891712e-22
0.96 2.6269532288089184e-26
0.97 1.192634920772577e-30
0.98 5.414554163536168e-35
0.99 2.4582037871971195e-39
1 1.116022792806235e-43
1.01 2.9998638002107123
1.02 2.999999993816539
1.03 2.9999999999997193
1.04 3
1.05 3
1.06 3
1.07 3
1.08 3
1.09 3
1.1 3
1.11 0.00013619978928745428
1.12 6.183460867315652e-09
1.1300000000000001 2.8072868906520324e-13
1.1400000000000001 1.2745062765874677e-17
1.1500000000000001 5.786249543891712e-22
1.16 2.6269532288089184e-26
1.17 1.192634920772577e-30
1.18 5.414554163536168e-35
1.19 2.4582037871971195e-39
1.2 1.116022792806235e-43
1.21 2.9998638002107123
1.22 2.999999993816539
1.23 2.9999999999997193
1.24 3
1.25 3
1.26 3
1.27 3
1.28 3
1.29 3
1.3 3
1.31 0.00013619978928745428
1.32 6.183460867315652e-09
1.33 2.8072868906520324e-13
1.34 1.2745062765874677e-17
1.35 5.786249543891712e-22
1.36 2.6269532288089184e-26
1.37 1.192634920772577e-30
1.3800000000000001 5.414554163536168e-35
1.3900000000000001 2.4582037871971195e-39
1.4000000000000001 1.116022792806235e-43
1.41 2.9998638002107123
1.42 2.999999993816539
1.43 2.9999999999997193
1.44 3
1.45 3
1.46 3
1.47 3
1.48 3
1.49 3
1.5 3
1.51 0.00013619978928745428
1.52 6.183460867315652e-09
1.53 2.8072868906520324e-13
1.54 1.2745062765874677e-17
1.55 5.786249543891712e-22
1.56 2.6269532288089184e-26
1.57 1.192634920772577e-30
1.58 5.414554163536168e-35
1.59 2.4582037871971195e-39
1.6 1.116022792806235e-43
1.61 2.9998638002107123
1.62 2.999999993816539
1.6300000000000001 2.9999999999997193
1.6400000000000001 3
1.6500000000000001 3
1.6600000000000001 3
1.67 3
1.68 3
1.69 3
1.7 3
1.71 0.00013619978928745428
1.72 6.183460867315652e-09
1.73 2.8072868906520324e-13
1.74 1.2745062765874677e-17
1.75 5.786249543891712e-22
1.76 2.6269532288089184e-26
1.77 1.192634920772577e-30
1.78 5.414554163536168e-35
1.79 2.4582037871971195e-39
1.8 1.116022792806235e-43
1.81 2.9998638002107123
1.82 2.999999993816539
1.83 2.9999999999997193
1.84 3
1.85 3
1.86 3
1.87 3
1.8800000000000001 3
1.8900000000000001 3
1.9000000000000001 3
1.9100000000000001 0.00013619978928745428
1.92 6.183460867315652e-09
1.93 2.8072868906520324e-13
1.94 1.2745062765874677e-17
1.95 5.786249543891712e-22
1.96 2.6269532288089184e-26
1.97 1.192634920772577e-30
1.98 5.414554163536168e-35
1.99 2.4582037871971195e-39
