#e : 3
#c : 1e-06
#r : 10000
0 0
0.01 0.0029985004998749343
0.02 0.005994003998000763
0.03 0.008986513489880998
0.04 0.011976031968025547
0.05 0.01496256242195304
0.06 0.01794610783819417
0.07 0.020926671200294678
0.08 0.023904255488818027
0.09 0.026878863681349063
0.1 0.02985049875249568
0.11 0.02982066317401872
0.12 0.02979085741620742
0.13 0.02976108144925602
0.14 0.02973133524338855
0.15 0.0297016187688588
0.16 0.02967193199595029
0.17 0.029642274894976253
0.18 0.02961264743627958
0.19 0.02958304959023281
0.2 0.029553481327238097
0.21 0.03252244311760211
0.22 0.03548843743016209
0.23 0.038451467230912376
0.24 0.04141153548288316
0.25 0.04436864514614286
0.26 0.047322799177801377
0.27 0.05027400053201306
0.28 0.053222252159979354
0.29 0.05616755700995245
0.3 0.059109918027236905
0.31 0.05905083765431949
0.32 0.05899181633224465
0.33 0.05893285400199106
0.34 0.05887395060459639
0.35000000000000003 0.05881510608115722
0.36 0.05875632037282903
0.37 0.058697593420826116
0.38 0.05863892516642152
0.39 0.05858031555094696
0.4 0.05852176451579285
0.41000000000000003 0.06146177250228306
0.42 0.06439884195030104
0.43 0.06733297579691624
0.44 0.07026417697626293
0.45 0.07319244841954242
0.46 0.07611779305502642
0.47000000000000003 0.07904021380805984
0.48 0.08195971360106356
0.49 0.08487629535353791
0.5 0.08778996198206436
0.51 0.08770221590043528
0.52 0.08761455752102942
0.53 0.08752698675618838
0.54 0.08743950351834137
0.55 0.08735210772000519
0.56 0.087264799273784
0.5700000000000001 0.08717757809236935
0.58 0.08709044408854007
0.59 0.08700339717516212
0.6 0.0869164372651886
0.61 0.08982806477153453
0.62 0.09273678210570287
0.63 0.09564259217641094
0.64 0.09854549788946923
0.65 0.1014455021477836
0.66 0.10434260785135854
0.67 0.10723681789730007
0.68 0.11012813517981834
0.6900000000000001 0.11301656259023116
0.7000000000000001 0.11590210301696566
0.71 0.11578625884568801
0.72 0.11567053046067886
0.73 0.11555491774620981
0.74 0.11543942058666813
0.75 0.11532403886655666
0.76 0.11520877247049367
0.77 0.11509362128321275
0.78 0.11497858518956271
0.79 0.11486366407450743
0.8 0.1147488578231258
0.81 0.1176326668204865
0.8200000000000001 0.12051359345027395
0.8300000000000001 0.12339164059341481
0.84 0.12626681112795662
0.85 0.12913910792907007
0.86 0.13200853386905215
0.87 0.13487509181732918
0.88 0.13773878464045913
0.89 0.14059961520213543
0.9 0.1434575863631883
0.91 0.1433142004817147
0.92 0.14317095791445347
0.93 0.14302785851816213
0.9400000000000001 0.1428849021497412
0.9500000000000001 0.14274208866623433
0.96 0.14259941792482803
0.97 0.14245688978285154
0.98 0.1423145040977767
0.99 0.1421722607272178
1 0.14203015952893153
1.01 0.14488670086069153
1.02 0.1477403870789146
1.03 0.15059122103728695
1.04 0.15343920558664298
1.05 0.15628434357496737
1.06 0.15912663784739833
1.07 0.16196609124623043
1.08 0.16480270661091717
1.09 0.16763648677807447
1.1 0.17046743458148217
1.11 0.17029705235221385
1.12 0.17012684042001205
1.1300000000000001 0.16995679861466487
1.1400000000000001 0.16978692676613047
1.1500000000000001 0.16961722470453697
1.16 0.1694476922601823
1.17 0.16927832926353403
1.18 0.16910913554522913
1.19 0.16894011093607386
1.2 0.16877125526704362
1.21 0.17160106886915763
1.22 0.17442805407210496
1.23 0.1772522137028708
1.24 0.1800735505856152
1.25 0.18289206754167517
1.26 0.18570776738956787
1.27 0.18852065294499348
1.28 0.19133072702083767
1.29 0.194137992427175
1.3 0.19694245197127064
1.31 0.19674560795770982
1.32 0.19654896068977334
1.33 0.19635250997081394
1.34 0.19615625560438088
1.35 0.19596019739421977
1.36 0.19576433514427238
1.37 0.19556866865867645
1.3800000000000001 0.19537319774176545
1.3900000000000001 0.1951779221980685
1.4000000000000001 0.19498284183231002
1.41 0.19778645694928454
1.42 0.20058726985248265
1.43 0.20338528334271722
1.44 0.20618050021800216
1.45 0.2089729232735545
1.46 0.21176255530179744
1.47 0.21454939909236342
1.48 0.21733345743209626
1.49 0.22011473310505483
1.5 0.22289322889251456
1.51 0.2226704470730969
1.52 0.22244788792414488
1.53 0.2222255512230993
1.54 0.2220034367476235
1.55 0.22178154427560293
1.56 0.22155987358514512
1.57 0.22133842445457932
1.58 0.22111719666245647
1.59 0.22089618998754867
1.6 0.22067540420884932
1.61 0.22345333960544747
1.62 0.226228498455154
1.6300000000000001 0.22900088353312772
1.6400000000000001 0.23177049761175414
1.6500000000000001 0.23453734346064747
1.6600000000000001 0.2373014238466538
1.67 0.24006274153385376
1.68 0.24282129928356516
1.69 0.24557709985434628
1.7 0.24833014600199743
1.71 0.24808193997969044
1.72 0.24783398203934406
1.73 0.2475862719330004
1.74 0.2473388094129493
1.75 0.24709159423172825
1.76 0.246844626142122
1.77 0.24659790489716243
1.78 0.24635143025012834
1.79 0.24610520195454502
1.8 0.2458592197641842
1.81 0.24861198393293854
1.82 0.25136199671344767
1.83 0.2541092608557244
1.84 0.25685377910703316
1.85 0.2595955542118925
1.86 0.2623345889120776
1.87 0.26507088594662354
1.8800000000000001 0.2678044480518274
1.8900000000000001 0.2705352779612518
1.9000000000000001 0.27326337840572645
1.9100000000000001 0.27299025161347745
1.92 0.2727173978115027
1.93 0.2724448167269486
1.94 0.2721725080872339
1.95 0.27190047162005
1.96 0.2716287070533603
1.97 0.2713572141154003
1.98 0.2710859925346771
1.99 0.270815042039969
