#e : 3
#c : 1e-06
#r : 100
0 0
0.01 0.28548774589212145
0.02 0.5438077407660545
0.03 0.7775453379548467
0.04 0.9890398618930824
0.05 1.1804080208620997
0.06 1.353565091717921
0.07 1.5102440886257718
0.08 1.6520131076483353
0.09 1.780291020778203
0.1 1.8963616764856734
0.11 1.7158990030136403
0.12 1.5526096234973394
0.13 1.404859282943116
0.14 1.2711692462820985
0.15 1.150201498692611
0.16 1.0407453542981133
0.17 0.9417053392160246
0.18 0.8520902276869052
0.19 0.7710031215538923
0.2 0.6976324738044889
0.21 0.9167317122274143
0.22 1.114980901415659
0.23 1.2943641858884734
0.24 1.4566768938496641
0.25 1.6035435054356928
0.26 1.7364339110588856
0.27 1.8566781225647264
0.28 1.9654795844374409
0.29 2.0639272182768864
0.3 2.1530063210919193
0.31 1.9481206805919122
0.32 1.7627324866492422
0.33 1.5949863119078067
0.34 1.4432032962693575
0.35000000000000003 1.3058643442973517
0.36 1.181594921599237
0.37 1.0691512980242555
0.38 0.9674080999940621
0.39 0.8753470473857006
0.4 0.792046762241878
0.41000000000000003 1.002161293202804
0.42 1.1922807828893245
0.43 1.3643080110555903
0.44 1.519964684021437
0.45 1.660808666087921
0.46 1.7882495711668622
0.47000000000000003 1.9035628706706569
0.48 2.0079026588588778
0.49 2.1023132034015264
0.5 2.1877393967608656
0.51 1.9795484671006491
0.52 1.7911695238483931
0.53 1.620717207223679
0.54 1.466485573150725
0.55 1.3269310195966866
0.56 1.200656837683689
0.5700000000000001 1.0863992329569292
0.58 0.9830146769049948
0.59 0.8894684621421686
0.6 0.8048243467091354
0.61 1.0137229297408934
0.62 1.2027421842427197
0.63 1.3737738784452342
0.64 1.5285297550297532
0.65 1.668558662824381
0.66 1.7952620582036674
0.67 1.9099080313350505
0.68 2.013643997651471
0.6900000000000001 2.107508181570686
0.7000000000000001 2.192440007394201
0.71 1.983801755489309
0.72 1.7950180583321504
0.73 1.6241995052291842
0.74 1.469636486686858
0.75 1.3297820840651757
0.76 1.203236587496011
0.77 1.0887334871162893
0.78 0.9851267974115899
0.79 0.8913795878079368
0.8 0.8065536047220914
0.81 1.0152876270964546
0.8200000000000001 1.2041579809579332
0.8300000000000001 1.375054944289492
0.84 1.5296889113406054
0.85 1.6696075108277926
0.86 1.7962110951229864
0.87 1.910766755450748
0.88 2.0144210033631236
0.89 2.108211245412617
0.9 2.193076165865649
0.91 1.9843773754780754
0.92 1.7955389008365557
0.93 1.6246707830160736
0.9400000000000001 1.4700629164627248
0.9500000000000001 1.3301679336825447
0.96 1.2035857186675412
0.97 1.0890493940640926
0.98 0.9854126418385798
0.99 0.8916382305412144
1 0.8067876343450641
1.01 1.015499385856249
1.02 1.2043495882073922
1.03 1.3752283176983693
1.04 1.5298457860882502
1.05 1.6697494569694062
1.06 1.7963395333032646
1.07 1.910882971122168
1.08 2.0145261596511865
1.09 2.1083063947567986
1.1 2.1931622605525654
1.11 1.9844552771722916
1.12 1.7956093892044107
1.1300000000000001 1.6247345635288453
1.1400000000000001 1.4701206274572223
1.1500000000000001 1.3302201527497979
1.16 1.2036329684335267
1.17 1.0890921474203499
1.18 0.9854513266750681
1.19 0.8916732340287795
1.2 0.8068193068103747
1.21 1.0155280442879835
1.22 1.2043755194287677
1.23 1.3752517812377654
1.24 1.5298670167766553
1.25 1.6697686672906857
1.26 1.7963569155207708
1.27 1.910898699202976
1.28 2.0145403910072157
1.29 2.108319271820243
1.3 2.1931739122014045
1.31 1.984465820020143
1.32 1.7956189287676394
1.33 1.6247431952826064
1.34 1.4701284377910084
1.35 1.330227219832055
1.36 1.2036393629939894
1.37 1.0890979334579283
1.3800000000000001 0.9854565620983712
1.3900000000000001 0.8916779712356835
1.4000000000000001 0.8068235932124384
1.41 1.0155319227849595
1.42 1.2043790288379574
1.43 1.3752549566825154
1.44 1.529869890037884
1.45 1.6697712671249574
1.46 1.7963592679481004
1.47 1.910900827767247
1.48 2.0145423170118146
1.49 2.1083210145412714
1.5 2.1931754890806
1.51 1.9844672468394429
1.52 1.795620219807131
1.53 1.6247443634634464
1.54 1.4701294948047434
1.55 1.3302281762576338
1.56 1.2036402284036407
1.57 1.0890987165129626
1.58 0.9854572706358667
1.59 0.8916786123469215
1.6 0.8068241733138757
1.61 1.015532447682446
1.62 1.204379503784844
1.6300000000000001 1.3752553864322299
1.6400000000000001 1.529870278891506
1.6500000000000001 1.6697716189742646
1.6600000000000001 1.7963595863145192
1.67 1.9109011158370954
1.68 2.014542577668193
1.69 2.1083212503929154
1.7 2.1931757024879923
1.71 1.9844674399384368
1.72 1.7956203945303257
1.73 1.6247445215595309
1.74 1.4701296378559965
1.75 1.3302283056957602
1.76 1.2036403455241007
1.77 1.0890988224879374
1.78 0.9854573665259891
1.79 0.8916786991118923
1.8 0.8068242518220679
1.81 1.015532518719596
1.82 1.2043795680619154
1.83 1.3752554445925291
1.84 1.5298703315171212
1.85 1.6697716665918905
1.86 1.7963596294007287
1.87 1.9109011548231098
1.8800000000000001 2.0145426129441972
1.8900000000000001 2.1083212823119646
1.9000000000000001 2.193175731369543
1.9100000000000001 1.9844674660715442
1.92 1.7956204181765394
1.93 1.6247445429555096
1.94 1.4701296572158786
1.95 1.330228323213306
1.96 1.2036403613746316
1.97 1.089098836830091
1.98 0.9854573795033064
1.99 0.8916787108542545
