#e : 3
#c : 1e-06
#r : 10
0 0
0.01 1.8963616764856734
0.02 2.593994150290162
0.03 2.8506387948964083
0.04 2.9450530833337973
0.05 2.9797861590027437
0.06 2.9925637434700008
0.07 2.9972643541033364
0.08 2.9989936121162923
0.09 2.99962977058774
0.1 2.9998638002107123
0.11 1.1035882184119559
0.12 0.40598741707277786
0.13 0.14935442411537073
0.14 0.05494442208004518
0.15 0.020212923290294876
0.16 0.007435918924474904
0.17 0.00273552169853198
0.18 0.0010063421937682995
0.19 0.0003702126038707253
0.2 0.00013619360582658698
0.21 1.896411779313276
0.22 2.594012582090382
0.23 2.850645575576773
0.24 2.9450555778067007
0.25 2.979787076668041
0.26 2.992564081060198
0.27 2.9972644782958295
0.28 2.9989936578041574
0.29 2.9996297873953663
0.3 2.9998638063938925
0.31 1.1035882206866208
0.32 0.40598741790958026
0.33 0.14935442442321314
0.34 0.054944422193294075
0.35000000000000003 0.020212923331956817
0.36 0.007435918939801475
0.37 0.0027355217041703105
0.38 0.0010063421958425255
0.39 0.0003702126046337904
0.4 0.0001361936061073029
0.41000000000000003 1.896411779313379
0.42 2.5940125820904196
0.43 2.850645575576787
0.44 2.9450555778067056
0.45 2.979787076668043
0.46 2.9925640810601983
0.47000000000000003 2.99726447829583
0.48 2.9989936578041574
0.49 2.9996297873953663
0.5 2.9998638063938925
0.51 1.1035882206866208
0.52 0.40598741790958026
0.53 0.14935442442321314
0.54 0.054944422193294075
0.55 0.020212923331956817
0.56 0.007435918939801475
0.5700000000000001 0.0027355217041703105
0.58 0.0010063421958425255
0.59 0.0003702126046337904
0.6 0.0001361936061073029
0.61 1.896411779313379
0.62 2.5940125820904196
0.63 2.850645575576787
0.64 2.9450555778067056
0.65 2.979787076668043
0.66 2.9925640810601983
0.67 2.99726447829583
0.68 2.9989936578041574
0.6900000000000001 2.9996297873953663
0.7000000000000001 2.9998638063938925
0.71 1.1035882206866208
0.72 0.40598741790958026
0.73 0.14935442442321314
0.74 0.054944422193294075
0.75 0.020212923331956817
0.76 0.007435918939801475
0.77 0.0027355217041703105
0.78 0.0010063421958425255
0.79 0.0003702126046337904
0.8 0.0001361936061073029
0.81 1.896411779313379
0.8200000000000001 2.5940125820904196
0.8300000000000001 2.850645575576787
0.84 2.9450555778067056
0.85 2.979787076668043
0.86 2.9925640810601983
0.87 2.99726447829583
0.88 2.9989936578041574
0.89 2.9996297873953663
0.9 2.9998638063938925
0.91 1.1035882206866208
0.92 0.40598741790958026
0.93 0.14935442442321314
0.9400000000000001 0.054944422193294075
0.9500000000000001 0.020212923331956817
0.96 0.007435918939801475
0.97 0.0027355217041703105
0.98 0.0010063421958425255
0.99 0.0003702126046337904
1 0.0001361936061073029
1.01 1.896411779313379
1.02 2.5940125820904196
1.03 2.850645575576787
1.04 2.9450555778067056
1.05 2.979787076668043
1.06 2.9925640810601983
1.07 2.99726447829583
1.08 2.9989936578041574
1.09 2.9996297873953663
1.1 2.9998638063938925
1.11 1.1035882206866208
1.12 0.40598741790958026
1.1300000000000001 0.14935442442321314
1.1400000000000001 0.054944422193294075
1.1500000000000001 0.020212923331956817
1.16 0.007435918939801475
1.17 0.0027355217041703105
1.18 0.0010063421958425255
1.19 0.0003702126046337904
1.2 0.0001361936061073029
1.21 1.896411779313379
1.22 2.5940125820904196
1.23 2.850645575576787
1.24 2.9450555778067056
1.25 2.979787076668043
1.26 2.9925640810601983
1.27 2.99726447829583
1.28 2.9989936578041574
1.29 2.9996297873953663
1.3 2.9998638063938925
1.31 1.1035882206866208
1.32 0.40598741790958026
1.33 0.14935442442321314
1.34 0.054944422193294075
1.35 0.020212923331956817
1.36 0.007435918939801475
1.37 0.0027355217041703105
1.3800000000000001 0.0010063421958425255
1.3900000000000001 0.0003702126046337904
1.4000000000000001 0.0001361936061073029
1.41 1.896411779313379
1.42 2.5940125820904196
1.43 2.850645575576787
1.44 2.9450555778067056
1.45 2.979787076668043
1.46 2.9925640810601983
1.47 2.99726447829583
1.48 2.9989936578041574
1.49 2.9996297873953663
1.5 2.9998638063938925
1.51 1.1035882206866208
1.52 0.40598741790958026
1.53 0.14935442442321314
1.54 0.054944422193294075
1.55 0.020212923331956817
1.56 0.007435918939801475
1.57 0.0027355217041703105
1.58 0.0010063421958425255
1.59 0.0003702126046337904
1.6 0.0001361936061073029
1.61 1.896411779313379
1.62 2.5940125820904196
1.6300000000000001 2.850645575576787
1.6400000000000001 2.9450555778067056
1.6500000000000001 2.979787076668043
1.6600000000000001 2.9925640810601983
1.67 2.99726447829583
1.68 2.9989936578041574
1.69 2.9996297873953663
1.7 2.9998638063938925
1.71 1.1035882206866208
1.72 0.40598741790958026
1.73 0.14935442442321314
1.74 0.054944422193294075
1.75 0.020212923331956817
1.76 0.007435918939801475
1.77 0.0027355217041703105
1.78 0.0010063421958425255
1.79 0.0003702126046337904
1.8 0.0001361936061073029
1.81 1.896411779313379
1.82 2.5940125820904196
1.83 2.850645575576787
1.84 2.9450555778067056
1.85 2.979787076668043
1.86 2.9925640810601983
1.87 2.99726447829583
1.8800000000000001 2.9989936578041574
1.8900000000000001 2.9996297873953663
1.9000000000000001 2.9998638063938925
1.9100000000000001 1.1035882206866208
1.92 0.40598741790958026
1.93 0.14935442442321314
1.94 0.054944422193294075
1.95 0.020212923331956817
1.96 0.007435918939801475
1.97 0.0027355217041703105
1.98 0.0010063421958425255
1.99 0.0003702126046337904
