1e-06 0.9999999998422664 0.9959458275374858 0.004054172461874682
2e-06 0.9999978244897938 0.9878769764277262 0.012122997198512283
3e-06 0.9999560145206428 0.9481315682746434 0.051866150267523656
4e-06 0.9998154325608417 0.864726053643238 0.13524897919089815
4.9999999999999996e-06 0.9995778589085933 0.7936258149151914 0.20628706606107877
6e-06 0.9992949042436956 0.7157210212079028 0.2840785348905443
7e-06 0.9989934899620845 0.6428586738670548 0.35678185980323796
8e-06 0.9986894513263809 0.5823247875726176 0.4171278287317321
9e-06 0.9983872634610338 0.5295128688600568 0.46972835935244045
9.999999999999999e-06 0.9980849891570747 0.4859248951029395 0.5130906454971046
1.1e-05 0.9977776333399082 0.4582995951321268 0.5404965479483366
1.2e-05 0.9974589002779002 0.4146364616846783 0.5838760711907813
1.3e-05 0.9971230886574292 0.38887305667772815 0.6093687852872774
1.4e-05 0.9967631868979812 0.3607867898204656 0.6371441964858419
1.4999999999999999e-05 0.9963760320484325 0.3386495557255324 0.658953731459662
1.6e-05 0.9959536801146955 0.319028461550983 0.6782161097716642
1.7e-05 0.9954970110611678 0.30476925414045786 0.6921001295010006
1.8e-05 0.994994691046289 0.2856431886440349 0.7107812348119407
1.8999999999999998e-05 0.9944563114738973 0.2726586141125402 0.7233092317919558
1.9999999999999998e-05 0.9938630881601482 0.25854267491840305 0.736907066844559
2.1e-05 0.99323245699495 0.2558340091984342 0.7391298154559206
2.2e-05 0.9925355488113368 0.2360749282571567 0.7582227903330228
2.3e-05 0.9918100196024853 0.2302902370476546 0.76340585508199
2.4e-05 0.9910054008841169 0.21717169205936088 0.775787081134148
2.4999999999999998e-05 0.9901791416196575 0.21115675822815116 0.7810961240101172
2.6e-05 0.9892618631429722 0.2010719470305528 0.7903490541977424
2.7e-05 0.988332905604117 0.2035223552025306 0.7871850649314068
2.8e-05 0.9872950998305066 0.18718497839749454 0.802488287896781
2.9e-05 0.9862673559598492 0.18224088936931848 0.8065291158538
2.9999999999999997e-05 0.9851142770724968 0.17509180483813946 0.8126288403280543
3.1e-05 0.9842065890398715 0.17048275117517642 0.816416342015618
3.2e-05 0.9834385881588794 0.17065622802592711 0.8156086682085418
3.2999999999999996e-05 0.9826733119602469 0.16291361591892906 0.8225824494417733
3.4e-05 0.9818109740854004 0.15506829128491723 0.8295632239691971
3.5e-05 0.9809545233433499 0.15309540714675984 0.830774891199644
3.6e-05 0.9799936770211695 0.14673749760659505 0.8361918571847974
3.7e-05 0.9790415492233515 0.14438417512768065 0.8376834427230113
3.7999999999999995e-05 0.977965421713741 0.14129948661509417 0.8397794096982754
3.9e-05 0.9769251930447529 0.13715735799266282 0.8429327146102625
3.9999999999999996e-05 0.9757487260233293 0.1336909652684415 0.8452999369818184
4.1e-05 0.9746139027636465 0.13037068021110976 0.8475528253171455
4.2e-05 0.9733331027747156 0.1323656231913854 0.8444972600531355
4.2999999999999995e-05 0.9720389707276178 0.12429637995473414 0.8512180454912491
4.4e-05 0.9707081115641627 0.12304468441181676 0.8512676383207597
4.4999999999999996e-05 0.9676256524341889 0.11888773164130734 0.8525868335383482
4.6e-05 0.9679009699231456 0.11738022694117572 0.8542885344169827
4.7e-05 0.9648867062797701 0.11384204480064902 0.8550420306359179
4.8e-05 0.9648919069978943 0.11750875761744695 0.8515086577714426
4.9e-05 0.9616070717185048 0.10929861483239461 0.856504750766637
4.9999999999999996e-05 0.9616932411937857 0.1087336702118753 0.8571248054608311
5.1e-05 0.9584281032186901 0.10508022785197463 0.8577162597527342
5.2e-05 0.9583224640735741 0.10423776995559669 0.8584290675201923
5.3e-05 0.9550847527588031 0.10122568399452025 0.858405645388056
5.4e-05 0.9547402731915968 0.1047320527359547 0.8547483645505547
5.4999999999999995e-05 0.9524195936759303 0.09774544282661646 0.8593249187353303
5.6e-05 0.9520310409516053 0.09713693342586449 0.8595536651073328
5.6999999999999996e-05 0.9496946601282967 0.09448937363263216 0.8599586065505185
5.8e-05 0.949160547273642 0.0935920918115794 0.8603266261892784
5.9e-05 0.9466062343823496 0.09145947429335483 0.8600301258229277
5.9999999999999995e-05 0.9460719710956196 0.09176388084840553 0.8592567354659849
6.1e-05 0.9435153198124759 0.088620355313616 0.8599006569268542
6.2e-05 0.9428610009588045 0.08857173849490896 0.8593501629448332
6.3e-05 0.940246262408249 0.09080123797383788 0.854870737781306
6.4e-05 0.939156754056081 0.08568242945241045 0.8586875217319161
6.5e-05 0.9367037625259567 0.083949102577618 0.8580683222808244
6.599999999999999e-05 0.9355772763984154 0.08313443553824335 0.8577985876226261
6.7e-05 0.9331485441908673 0.0814086693929103 0.8571821628623574
6.8e-05 0.9319202778159568 0.08060673113147854 0.8568012305460732
6.9e-05 0.9293570805223557 0.08304380196634675 0.852179735171435
7e-05 0.9280688653994664 0.07833834639269888 0.855365485145524
7.099999999999999e-05 0.9254384571136507 0.07820989537045242 0.8530600122109991
7.2e-05 0.9240863559249444 0.0761941536995967 0.8536763780898989
7.3e-05 0.9214649790757921 0.07590130124823813 0.8515245881092589
7.4e-05 0.9200179091981009 0.0741191793164217 0.8518269368119274
7.5e-05 0.9172100116592774 0.07728325730055907 0.8463250343295646
7.599999999999999e-05 0.9091998873102767 0.07227529503376423 0.8434871972102613
7.7e-05 0.9129565975160785 0.07195739426874642 0.8472626196783608
7.8e-05 0.9061367616299656 0.07049348433594232 0.8422600240177821
7.9e-05 0.9091141041715758 0.07010061632282538 0.845384645161375
7.999999999999999e-05 0.9027663774996963 0.0688011846432568 0.8406549812716156
8.099999999999999e-05 0.9054267410240873 0.06920571491810712 0.8427660361055435
8.2e-05 0.8991615295881534 0.06721624023604122 0.8387232722043498
8.3e-05 0.9017358144932017 0.06740045652511406 0.8409584089313143
8.4e-05 0.8957905158746917 0.06568154065692267 0.8369536146861825
8.499999999999999e-05 0.8971130616718803 0.06882677493829259 0.8353676628819872
8.599999999999999e-05 0.891702690502459 0.06423273799790702 0.8344261852113857
8.7e-05 0.8930966568324632 0.06454218540147999 0.8354542468257403
8.8e-05 0.8880113538394838 0.06284224433622437 0.8322067273681615
8.9e-05 0.8891204014971301 0.06305267350341887 0.8330589831163028
8.999999999999999e-05 0.8840268241960234 0.06459283039037511 0.8269250294801878
9.099999999999999e-05 0.8849413457242694 0.06372930240058294 0.8285446510958286
9.2e-05 0.8798345775489684 0.06040608840997341 0.8266872122713939
9.3e-05 0.8806921071018627 0.060602893816940895 0.8273196168497505
9.4e-05 0.8758065643296549 0.059060149583966104 0.8240812976337261
9.499999999999999e-05 0.8764380153584395 0.059217687613582204 0.8245373827522755
9.6e-05 0.871268864599267 0.06151409741536673 0.8176735467873317
9.7e-05 0.8707974430046419 0.05801449168430056 0.8202785719887389
9.8e-05 0.8669943569267198 0.05789647629468653 0.816798438693285
9.9e-05 0.866412850063838 0.056860841957173114 0.8171478859266942
9.999999999999999e-05 0.8627132953412573 0.056699115649120724 0.8137982144366692
0.000101 0.8619930696778868 0.055750984604810205 0.8139361073208219
0.000102 0.8579464510960619 0.05566223404197734 0.810191234939669
0.000103 0.8572275872057165 0.0547555219417587 0.810289643245393
0.000104 0.8534810272538722 0.054579373158595734 0.8068985677836015
0.00010499999999999999 0.8526472844558155 0.05374033603741868 0.8068257328677675
0.000106 0.8489590308126018 0.05610471720748483 0.8013284244681204
0.000107 0.8455447342404925 0.05277886484746647 0.8009178429895265
0.000108 0.8448825029759599 0.053072204609832474 0.8000427259067524
0.00010899999999999999 0.8346041428054474 0.05187396468694222 0.791309916973982
0.00010999999999999999 0.8409485974473785 0.0520650873494361 0.797164535264895
0.000111 0.8312903970339796 0.050970651207390916 0.7889189841547071
0.000112 0.8367942718387924 0.05315277217132314 0.7923163365534768
0.000113 0.8270389485208429 0.05012996486513449 0.7855795150893953
0.00011399999999999999 0.8326215985123342 0.05026217951075024 0.7907722222633794
0.00011499999999999999 0.823479991261886 0.04929982236223862 0.7828825739738172
0.000116 0.8285096771198264 0.04937547808012349 0.7876016157180262
0.000117 0.8194740567575634 0.05000181239664997 0.7784988687076501
0.000118 0.822481249989423 0.05076537796467179 0.7807276784648542
0.00011899999999999999 0.8154135477187465 0.04773788936681689 0.7764874259895453
0.00011999999999999999 0.8183139781384401 0.04812932512865836 0.7789290786272893
0.000121 0.811611574971759 0.04698262626387267 0.7734799316734278
0.000122 0.8141449734052839 0.047298372459641747 0.7756372412170157
0.00012299999999999998 0.8070497159032974 0.04699181218922921 0.7691249872261989
0.000124 0.8095807163202253 0.04657464041028836 0.7718747855745072
0.000125 0.8030493441669495 0.04618313041884636 0.7659620115725182
0.000126 0.8053048412082677 0.04580995164183732 0.7684138653755795
0.000127 0.7987843208569063 0.047382722913387965 0.7609357447141848
0.000128 0.799027414391356 0.04508688851173942 0.7630017544408695
0.000129 0.7941820490392102 0.04507723606825992 0.7583825173334954
0.00013 0.7944755237624526 0.0444156612361814 0.7591883680385816
0.00013099999999999999 0.7900661752317399 0.04434548762717455 0.7550303054333517
0.00013199999999999998 0.7902064186875501 0.04372842768040497 0.7556519344553798
0.000133 0.7855929214578523 0.045515528728564625 0.7498362442722804
0.000134 0.7856730469775433 0.04309140110199511 0.7518172945752073
0.000135 0.7811844313918279 0.04318860126479257 0.7474461684701825
0.000136 0.7811852555681946 0.04246647917873947 0.7480110681778697
0.000137 0.7769756299706543 0.04251105471936628 0.7439455764493577
0.000138 0.7768445795221253 0.041843567175900875 0.7443386311736567
0.000139 0.772269948139994 0.04351975955335252 0.7386609456866614
0.00014 0.7597245828838912 0.0412764409842884 0.7283658559741711
0.00014099999999999998 0.7684503168433494 0.04145158100743812 0.7365968362845259
0.00014199999999999998 0.7565507547479642 0.040692636820087225 0.7257647096490424
0.000143 0.7646957440524174 0.04082895022173688 0.7334740195837272
0.000144 0.7531125973302979 0.04035660039994815 0.722719533183672
0.000145 0.760502287790016 0.040550413586218026 0.7296636054868659
0.000146 0.7494230615921014 0.03960342147788276 0.7197433442186241
0.000147 0.7566741329712083 0.03994681081934315 0.726447414529517
0.000148 0.7463327151772225 0.03906802493950562 0.7171749700475099
0.000149 0.7508535828190794 0.04073188650288029 0.7202698999034116
0.00015 0.7421341188985668 0.0387483677383717 0.7133776331482926
0.00015099999999999998 0.7463985557531454 0.03890249408535773 0.7173617903526391
0.00015199999999999998 0.738774378728096 0.03816769392624231 0.7105770643602523
0.000153 0.7426282988935875 0.038351102826461814 0.7141476846408791
0.000154 0.7350375142619565 0.03977067410849 0.7058045768247296
0.000155 0.7385751241292406 0.03814521206469457 0.7104020193936227
0.000156 0.7310920741940901 0.03788392803709312 0.7033954346668321
0.000157 0.7345935052840156 0.037362524199952174 0.7071472376657137
0.000158 0.7274676425358366 0.037361664256689464 0.7002882407178074
0.000159 0.7307870919926152 0.03686254868782446 0.7038484172336037
0.00015999999999999999 0.7229735885382063 0.03805682261959109 0.6954595109205585
0.00016099999999999998 0.7240261006641149 0.03642534486326038 0.6976532002574228
0.00016199999999999998 0.7193401403724855 0.036441353172924074 0.693126412265711
0.000163 0.7202723055971023 0.03595823034488893 0.6943725881213976
0.000164 0.715787529999087 0.03595457811662611 0.690051691336828
0.000165 0.7165639270062589 0.03550004709976201 0.6911258738475463
0.000166 0.7115512468683205 0.035813852346563035 0.6860678555759657
0.000167 0.7123268407264414 0.03509776445095675 0.6873257610585306
0.000168 0.7079385153588831 0.03534005566828502 0.6829199288163771
0.000169 0.7085800412489078 0.0346658660266671 0.6840165004698029
0.00016999999999999999 0.7041721248734145 0.035890606945946646 0.6788989599172908
0.00017099999999999998 0.7029695177231463 0.03425586949205245 0.6788886856671311
0.00017199999999999998 0.7001246502861298 0.034517405156476666 0.6759581640721669
0.000173 0.6857627576977392 0.03386956348792808 0.662536272438239
0.000174 0.6964986492653298 0.034077326931388596 0.6727638370870446
0.000175 0.6829652365986925 0.033469677250309915 0.6601066105565526
0.000176 0.692545826423945 0.035088519530315554 0.6682454186678299
0.000177 0.6792775941855933 0.03310304242595202 0.656791439166269
0.000178 0.6887008240646495 0.03351712481373892 0.6656175525851498
0.000179 0.6766263630515432 0.032729362142497886 0.6544808137800681
0.00017999999999999998 0.6850793909065063 0.03310665919553102 0.6623987009898826
0.00018099999999999998 0.6734890237580238 0.034000581746538194 0.6505900051503429
0.00018199999999999998 0.678212400987446 0.033604381264915495 0.6554214928860701
0.000183 0.6703896437251735 0.032408307393407 0.6486634500779715
0.000184 0.6750172275447497 0.032378812971383675 0.6531609709816163
0.000185 0.6675624894539023 0.03200129876451213 0.6461996227849064
0.000186 0.6718699072361514 0.03198796050812858 0.6503781591768814
0.000187 0.6638325235334257 0.032260026610326564 0.6424172686594372
0.000188 0.668173486728562 0.03165336409544767 0.647023548074218
0.00018899999999999999 0.6608295746582196 0.03163796705155775 0.6399222703484879
0.00018999999999999998 0.6649961893522658 0.03128465929737395 0.6441920101343283
0.00019099999999999998 0.6573546058176536 0.03204866584914795 0.6362872677114053
0.000192 0.6602231408326218 0.030935412069176216 0.6397988659133589
0.000193 0.6536562512840192 0.030976190897190392 0.6334084704631036
0.000194 0.6552352077750874 0.030611935414536884 0.6351771899133457
0.000195 0.6507538711482386 0.03061577069555793 0.6308305398499174
0.000196 0.652183517362299 0.030269959567508886 0.6324419486611464
0.000197 0.6474210424864149 0.03150033004325009 0.6270270659711477
0.000198 0.6487879834940484 0.02995612217745952 0.6293528113932331
0.00019899999999999999 0.64422533380241 0.030142732201764777 0.6248066220880114
0.00019999999999999998 0.6455100872463357 0.02964289124273728 0.6263753019340027
0.00020099999999999998 0.6413095314556547 0.029809101539255478 0.6221926705144007
0.000202 0.6424649252359802 0.029324306730815985 0.6236250867045695
0.000203 0.6377703303086817 0.030560364978670596 0.6182798362418811
0.000204 0.6296432066707369 0.029041048759844146 0.6113577076045075
0.000205 0.6348009591777553 0.029214552367609947 0.6162555333128477
0.000206 0.6211187103147515 0.028737539722129557 0.6032692867049234
0.000207 0.6318893413999052 0.02889086195033702 0.6136335136696311
0.000208 0.61858870950751 0.029316848412626717 0.600453638081116
0.00020899999999999998 0.6283624729365112 0.028780763317781177 0.6102777213251497
0.00020999999999999998 0.615714913466398 0.028173390459390713 0.5983681367976391
0.00021099999999999998 0.6254324392526946 0.02847027534137747 0.6076262054997411
0.000212 0.6136507500385251 0.02788873908684586 0.5965368043802534
0.000213 0.6209725055375668 0.028793445413412 0.6030925675961412
0.000214 0.610193815072481 0.02806815274294827 0.5930668018682244
0.000215 0.6158171795229559 0.027932535623353738 0.5986158442184577
0.000216 0.6077721969711087 0.02775467989215702 0.5909036741968225
0.000217 0.6130381941894012 0.027634463924442243 0.596097212327769
0.00021799999999999999 0.6049136173276402 0.028547656488761897 0.5876447511747963
0.00021899999999999998 0.6098795253604494 0.027364302010355113 0.5931905978385541
0.00021999999999999998 0.6017904445992659 0.02735022385357777 0.5853313412265319
0.00022099999999999998 0.6068589537518747 0.027093377826019005 0.5904170948307726
0.000222 0.59898711834579 0.02707430903060748 0.582769955998343
0.000223 0.6040982471187244 0.026815576295360244 0.5878990044832189
0.000224 0.5949759414727587 0.027822835702432935 0.5784220236062617
0.000225 0.5972009179378914 0.026572556693455707 0.581331762688603
0.000226 0.5924182500057746 0.02661208304953422 0.5766527663365613
0.000227 0.5945324026886256 0.02630882379228988 0.5788909544674838
0.00022799999999999999 0.5899642819495157 0.02633257303427672 0.5744290044074655
0.00022899999999999998 0.5919268421110806 0.02604858612260319 0.5765079847860696
0.00022999999999999998 0.5866876146196944 0.026725415865477498 0.5710081441358581
0.00023099999999999998 0.5886417420091099 0.025820507223509315 0.5734427136575045
0.000232 0.5842006093961454 0.02594422686774739 0.5690439762496955
0.000233 0.5860219171785968 0.02557183143836017 0.571036263493321
0.000234 0.5815166807875338 0.02622316334764785 0.5662674738778604
0.000235 0.5819322745868523 0.02542895207593937 0.5671343466649408
0.000236 0.5785048919840381 0.02556636604169754 0.5637146241586615
0.000237 0.5658892123437029 0.025111909417370515 0.5516786537030607
0.00023799999999999998 0.5760499677752915 0.025303712914465093 0.5614737647663186
0.00023899999999999998 0.5635078479205033 0.024877752887554505 0.5494890389297394
0.00023999999999999998 0.5733793164146948 0.025972048455923047 0.5584874810251482
0.00024099999999999998 0.5609246326420243 0.02466942614430806 0.5470869438445387
0.000242 0.5708472058010436 0.024904054068621895 0.5566307961228527
0.000243 0.5591720941665366 0.024443458804373874 0.5455039941182214
0.000244 0.5685717835017026 0.024674400940149943 0.5545426153523254
0.000245 0.5569195900764201 0.025509834505410056 0.5427126635007498
0.00024599999999999996 0.5622693132309484 0.02495526057434705 0.548237736006311
0.000247 0.5547435362987896 0.0244238227055929 0.5411945785211544
0.000248 0.5600752276422538 0.02426193952388278 0.5464867163403726
0.000249 0.5527936060250707 0.02418643420346639 0.5394234998448484
0.00025 0.5579387903152597 0.02403158973776287 0.5445306342076197
0.000251 0.5498451850650188 0.0246031683441692 0.5363172514136333
0.000252 0.555126514472476 0.02383367855746038 0.5418958075678155
0.00025299999999999997 0.547676211146906 0.023807285528352484 0.5346375272110454
0.000254 0.552972900758373 0.023613608897427696 0.5399152149489888
0.00025499999999999996 0.5448233636705466 0.02406063194432695 0.5317145692425994
0.000256 0.5495032042391979 0.02340473667887849 0.5366422264397794
0.000257 0.5418907573751661 0.02352119269476921 0.5291448404514304
0.000258 0.5443879753654157 0.02321041280229863 0.5317525057325768
0.000259 0.5400158879024171 0.02329693186381776 0.5274351745565754
0.00026 0.5423737526333914 0.023002869684607297 0.5298975998812141
0.000261 0.5376484181126722 0.023884549306161962 0.5248069279608801
0.00026199999999999997 0.5399421826810928 0.022812454852390862 0.527624776015779
0.000263 0.535444455044324 0.022912626110818735 0.5231760164427823
0.00026399999999999997 0.537662900680332 0.022620990435672006 0.5255004333464265
0.000265 0.5335564224281686 0.022717631767085578 0.5214352840964819
0.000266 0.5356596734368679 0.022424906372251197 0.5236475554126555
0.000267 0.5309349861165982 0.02344716660352303 0.5184860650414831
0.000268 0.5257763347356534 0.022535326810414646 0.5139277932032035
0.000269 0.5290027808382085 0.022465895588799523 0.5171182595977127
0.00027 0.5159331950440948 0.0220629922012468 0.5045501649854727
0.000271 0.5271296086284585 0.022263510435738487 0.515393853085772
0.000272 0.5143648042101034 0.022773576155863007 0.5026508781695291
0.00027299999999999997 0.5245366356024956 0.02209973672930432 0.5129445140508054
0.000274 0.5123857607154529 0.021804971185510336 0.5012132039671867
0.00027499999999999996 0.5226462035637831 0.02191274678688976 0.5111935896459606
0.000276 0.5112924655254996 0.02159035033483675 0.5002534820712417
0.000277 0.5194766198768306 0.022137458833472845 0.5079767275893556
0.000278 0.5086826485637979 0.021782193902191327 0.49760242447810094
0.000279 0.5144660186370551 0.021598687712435505 0.5033542277618533
0.00028 0.5071408898996956 0.02156750210622327 0.496203127688632
0.000281 0.5127155551560434 0.02141014070536773 0.5017382429783218
0.00028199999999999997 0.5051521464458057 0.02209528665409466 0.49399066496615446
0.000283 0.5105229312890882 0.021241206801076717 0.49967880812888477
0.00028399999999999996 0.5028457757059659 0.021229136523144565 0.49217079408341746
0.000285 0.508492250512552 0.021070227719855394 0.49777820300047076
0.000286 0.5008059902140329 0.021061339356076125 0.49025834530257945
0.000287 0.5067506622662159 0.020892612484878947 0.49616331705303207
0.000288 0.497349235211894 0.021739736381739205 0.48653699394872785
0.000289 0.5002612288380786 0.020741269923921668 0.4898851756582752
0.00029 0.4957749137565888 0.020927174700662077 0.48539974552419896
0.00029099999999999997 0.49859770102857204 0.020571156657015643 0.4883409696118854
0.000292 0.4943020401069689 0.020663516915602143 0.48408802153980185
0.00029299999999999997 0.49699344273426416 0.02040250499706331 0.48685353153537064
0.000294 0.49194382733221476 0.0211133213710345 0.481557259209253
0.00029499999999999996 0.4946272496954103 0.02025846430303324 0.4846068612141483
0.000296 0.490432156901784 0.020359740367126178 0.480447085519574
0.000297 0.4930038019960581 0.020096193207545188 0.48309630233909095
0.000298 0.48868226910246904 0.02055400704380511 0.4786378903011542
0.000299 0.4901365208406099 0.02032528550083673 0.4801743561201377
0.0003 0.4865869755168619 0.02016582306700032 0.47677454866188207
0.000301 0.47703750070768436 0.019798838701353905 0.4675927121766759
0.00030199999999999997 0.48508904972120503 0.019998600908164077 0.4753879474109101
0.000303 0.4726524471907849 0.019644575704680256 0.4633673904099432
0.00030399999999999996 0.48312588339146734 0.02047858600541247 0.47323214843699435
0.000305 0.47073354344445995 0.0196517946616529 0.46148278450833713
0.000306 0.48133255402720465 0.019705783067670457 0.4718475191341368
0.000307 0.46963068039200473 0.019484934533020526 0.4604799573298686
0.000308 0.47983940788979296 0.01956094620526494 0.4704532950448945
0.000309 0.4680252682641881 0.020254125903194087 0.45854582555488904
0.00031 0.473560796180694 0.01975432584146425 0.46420592190719734
0.00031099999999999997 0.4665129172341449 0.019563894978941676 0.45738610751505643
0.000312 0.4721417570014308 0.019302556206207522 0.46302821419961315
0.00031299999999999996 0.46518004897818543 0.01926749649633802 0.4562171940143319
0.000314 0.47078154967434815 0.019148686823939942 0.46176670121714497
0.00031499999999999996 0.4627691763674038 0.019714616278947272 0.45364585962959597
0.000316 0.4686290865973659 0.019019890407219908 0.4597158127286485
0.000317 0.4611589787163779 0.01900226640330327 0.45239591294853404
0.000318 0.4672478324167493 0.018872096051829934 0.45842988644337107
0.000319 0.4587143041071946 0.01917700775685721 0.4499175363391496
0.00031999999999999997 0.4646552921745488 0.01873294368823314 0.4559509307518035
0.000321 0.4564228993908397 0.018984096209234358 0.44775812315670627
0.00032199999999999997 0.4594569985765473 0.018604413249426688 0.45090907070468794
0.000323 0.45535930280391024 0.01867753852129722 0.44685431188475916
0.00032399999999999996 0.45825651768447884 0.018463428422938633 0.44979553127086636
0.000325 0.4537754789122368 0.01912589513164309 0.4450966166892502
0.000326 0.4566136603337829 0.018336001759593212 0.44824119145444835
0.000327 0.45235291937372013 0.01842084711548797 0.4440201954036922
0.000328 0.45513635123509166 0.018206602737196098 0.4468498644968974
0.000329 0.4512513873145201 0.018294156332807565 0.4429961238895919
0.00033 0.4539507131999523 0.018072337084279244 0.4457467628913538
0.00033099999999999997 0.44934762702253805 0.018893992767750944 0.44085765620736816
0.000332 0.4461101061877475 0.018358746904757806 0.437920083656592
0.00033299999999999996 0.44821517515500764 0.018120445737212887 0.440093316395016
0.000334 0.43683191461146054 0.017827125686972645 0.42904445716560113
0.000335 0.44713693292754186 0.01798654381056297 0.4390944848941199
0.000336 0.4355348271763133 0.01848229746582586 0.42748514294371365
0.000337 0.44528338584052074 0.017878236353769617 0.4373225042240571
0.000338 0.43420319031412746 0.017721716687178646 0.42650836439071144
0.000339 0.4441815168259893 0.017754626159089293 0.4362952400479666
0.00033999999999999997 0.4337707032507523 0.017575633227131626 0.4261469084657421
0.000341 0.4419626874408762 0.017915938016303923 0.43404451132716637
0.00034199999999999996 0.43179224668267047 0.017836819818087768 0.42409044617974434
0.000343 0.4372363124446359 0.017549317197034897 0.4295631137074831
0.00034399999999999996 0.4308532742226252 0.0175137299654477 0.42330742632316115
0.000345 0.4362483999142801 0.01741978783099879 0.42864904534616066
0.000346 0.42948498302569127 0.017936389554411014 0.42178157306237285
0.000347 0.4347838026410278 0.017303770725963064 0.42726040340476507
0.000348 0.4277612795536512 0.01728710477024159 0.4203665254973546
0.00034899999999999997 0.43349009418491025 0.017186088163564706 0.4260400952082164
0.00035 0.4262537957258994 0.017175492249494273 0.4189326769610917
0.00035099999999999997 0.4324955493463223 0.017063352296744327 0.425115725421052
0.000352 0.42321825396267365 0.017740054581692477 0.41571033903740723
0.00035299999999999996 0.4264686665811499 0.016959821604188408 0.4192358340761575
0.000354 0.42234449298669485 0.017239904037825937 0.41506331445669997
0.000355 0.42553199933868413 0.01684112361090334 0.4183655623374265
0.000356 0.42156520019868693 0.016896174587534063 0.4144423609761012
0.000357 0.4246491780051471 0.01672313703061795 0.41754771161142773
0.000358 0.4198772979176575 0.01734135161072692 0.41259605806110544
0.000359 0.42296274541945267 0.016623046547007858 0.41593181601469487
0.00035999999999999997 0.4190477570218918 0.01669106634995743 0.41205340310563854
0.000361 0.4220541174414094 0.016508928175068327 0.41508645633057734
0.00036199999999999996 0.4179435977513384 0.016849772922513107 0.4109013430348102
0.000363 0.42005217133532335 0.016815036358916513 0.41298897880167806
0.00036399999999999996 0.4164992748288536 0.01655049197430908 0.40960600692349314
0.000365 0.40952304514000293 0.01630019430828633 0.40284773993049977
0.000366 0.4156916135103068 0.0164362336225487 0.40885920903571715
0.000367 0.4046393570750473 0.016190929396605436 0.39808786981355737
0.000368 0.4143918130951445 0.016836307587699495 0.4074149850680502
0.00036899999999999997 0.40330561147947397 0.016225930373079955 0.3967616027085356
0.00037 0.4132674586197673 0.016235943886556026 0.4065576713514772
0.00037099999999999996 0.4026996440999795 0.016110469448831544 0.3962119637866514
0.000372 0.4124490721857401 0.016137521100430707 0.4057931665804897
0.00037299999999999996 0.40164125216938995 0.01671539565360436 0.3949276597285695
0.000374 0.4066397752085711 0.016302934763085197 0.4000103534812701
0.000375 0.40067107156382376 0.016274948808060075 0.39415017038525196
0.000376 0.4058745424283978 0.015960940683515 0.39939640293174933
0.000377 0.39982939949544516 0.015926680278269156 0.39346144448382886
0.00037799999999999997 0.4051627177878241 0.01585208500561386 0.398740043944346
0.000379 0.3979448357324411 0.01636148144447741 0.3914338686866791
0.00037999999999999997 0.40362724026636765 0.01576143595995677 0.3972654953672152
0.000381 0.39679552054138645 0.015744143056569238 0.390548315101777
0.00038199999999999996 0.40288795098570973 0.015656488738574392 0.39658014031819466
0.000383 0.39471367690269443 0.015901698720362567 0.3884370589317812
0.000384 0.4010776173067627 0.015558138358151175 0.3948375962443465
0.000385 0.3927731292758845 0.01585972504450539 0.38654385544069897
0.000386 0.3961963347463473 0.015467075597363489 0.39006833608542724
0.000387 0.39223689057397415 0.015511206459239812 0.386152823183351
0.000388 0.3955616958115564 0.015365841808101244 0.38948355736837176
0.00038899999999999997 0.3911468493698038 0.015895934754964647 0.3849292045726114
0.00039 0.39441983745593956 0.015274678552488208 0.38839520122407545
0.00039099999999999996 0.39021199401047535 0.015332404255109566 0.3842291059731144
0.000392 0.39345754557043255 0.01518168710691381 0.387484196223728
0.00039299999999999996 0.3896083463666098 0.01524470004622347 0.38366888399074567
0.000394 0.39280774886165815 0.01508470310484017 0.3868823605927994
0.000395 0.3881128047523268 0.015759510514085584 0.38199633692518126
0.000396 0.3860754159410811 0.015409251406215851 0.3801262827950856
0.000397 0.38750462599630064 0.015115444211607543 0.3816473214403137
0.00039799999999999997 0.3783124516260665 0.014907910497870158 0.37267260345699527
0.000399 0.38694938424168557 0.015021343120667718 0.3811368847706601
0.00039999999999999996 0.37605950938610433 0.015483838284932161 0.37023666475725897
0.000401 0.3855513594018427 0.014945420675135657 0.3797891321437118
0.00040199999999999996 0.37511241685803465 0.014853522810449549 0.3695406760177509
0.000403 0.3849667842486255 0.014858790331290561 0.379246643516964
0.000404 0.37509277265082175 0.014748645417596296 0.3695606623482917
0.000405 0.3833317078609382 0.015015581711981085 0.377575759278759
0.000406 0.3734731591097433 0.015030162865276087 0.36785979670251473
0.00040699999999999997 0.3786467725736138 0.014716470814544413 0.3730744283960128
0.000408 0.3728906232303102 0.014682536859286888 0.3674156429102487
0.00040899999999999997 0.37816149954770784 0.014622566729195763 0.3726318077861588
0.00041 0.37188889881632803 0.015053583895651035 0.36629063807813517
0.00041099999999999996 0.37715845696518246 0.01453858685365067 0.3716751059810053
0.000412 0.3704898722340173 0.014522028451539548 0.36510960776842766
0.00041299999999999996 0.3763375649234708 0.014453354162729248 0.3708982248128928
0.000414 0.369277888683482 0.01444344033186945 0.3639442455324034
0.000415 0.3758333236404512 0.014364151797937597 0.37043479672895635
0.000416 0.36641640802854814 0.014934223867220542 0.36094426336242696
0.000417 0.36994216084757325 0.014289933164023771 0.36465571209450687
0.00041799999999999997 0.36599465561612665 0.014594308574054915 0.3606532166756099
0.000419 0.3694837197130316 0.014202788023862045 0.3642360207636794
0.00041999999999999996 0.3656644236238804 0.014237864438784276 0.3604581431302374
0.000421 0.3690777355592707 0.014115977285949433 0.36386784262736643
0.00042199999999999996 0.36437989341917554 0.014658708006464238 0.3590385549581173
0.000423 0.36781000590760105 0.014090450839051916 0.3626273971012486
0.000424 0.3639853529782915 0.014091780588532388 0.3588561512466819
0.000425 0.36737266152697345 0.013958653662201281 0.36224463377975735
0.000426 0.3632704392856114 0.01425240360961677 0.3580929623654701
0.00042699999999999997 0.36590475476964057 0.014281325220824148 0.3606791499669294
0.000428 0.3622189926068411 0.013985538449348134 0.35715316495865396
0.00042899999999999997 0.3567789925646385 0.013804962113840302 0.3518536720892696
0.00043 0.3618699316955061 0.01390329695112491 0.3568387465774602
0.00043099999999999996 0.3516763738142057 0.013723792406403035 0.3468500402657429
0.000432 0.36099303994418874 0.014261181001779921 0.3558448528611619
0.00043299999999999995 0.3506878319708826 0.013764597987584115 0.34586075494466595
0.000434 0.36030047637075513 0.01375915650425602 0.3553430457278119
0.000435 0.3503818448770739 0.013680747108430868 0.34558835946592525
0.00043599999999999997 0.35992853345822895 0.013688718231555874 0.35500157318022213
0.000437 0.34965637685951356 0.014189931378005727 0.344694776865995
0.00043799999999999997 0.35425474427098136 0.013856585695620038 0.3493459830489105
0.000439 0.34901014464812596 0.013882132529642988 0.3441651395659308
0.00043999999999999996 0.3539243349418091 0.013561814939157146 0.349124478608864
0.000441 0.3484622622773512 0.013530855132303954 0.3437472698874015
0.00044199999999999996 0.35364599306837796 0.013481144602593587 0.3488784402976954
0.000443 0.34687765285064054 0.013939829768954082 0.3420422374192482
0.000444 0.35249302670500615 0.013414432618148009 0.3477645327499048
0.000445 0.34599096580742694 0.013400307539720213 0.3413545804596426
0.000446 0.35218181314956176 0.013336518577862166 0.34748493385570745
0.00044699999999999997 0.3441114922531705 0.01356256621195373 0.3394444573551927
0.000448 0.35085870665438046 0.013263964731863143 0.34620492914344964
0.00044899999999999996 0.3424376324728948 0.013572318337089884 0.3377899599143733
0.00045 0.3460592911909737 0.013196625393277261 0.34149247636126334
0.00045099999999999996 0.3422884451299131 0.013224578521365271 0.3377618247103365
0.000452 0.34583977928872023 0.013120623981612067 0.34130214558678923
0.000453 0.34157011225312073 0.013573168492595655 0.3369339235674743
0.000454 0.34508248595074975 0.013052474215968668 0.34057830570049524
0.000455 0.34099170935644874 0.013094074026806735 0.33652673867160804
0.00045599999999999997 0.34451147411335636 0.012982703950198682 0.3400387836374961
0.000457 0.3407450363303739 0.013030395921077076 0.3363049935988473
0.00045799999999999997 0.3442650607540767 0.012909593298598199 0.3398207388328244
0.000459 0.3395361465953681 0.013485541352604491 0.3349573178497523
0.00045999999999999996 0.3384134605427831 0.013235332266531119 0.33393444594903277
0.000461 0.3393223152032945 0.012930725758680983 0.33493463140159996
0.00046199999999999995 0.33193380907875514 0.01277666972572944 0.32769280042935256
0.000463 0.33916017837900636 0.012861501523900198 0.33479806922793853
0.000464 0.3293190172372302 0.013287411371563418 0.3249432199827202
0.00046499999999999997 0.3381107473330165 0.012805831999262662 0.33378095790552476
0.000466 0.328671844955287 0.012792039507064257 0.3244674617297593
0.00046699999999999997 0.3379140937402545 0.012742330838743099 0.3336082805627421
0.000468 0.3289171173797749 0.012668249091962458 0.32475031340619764
0.00046899999999999996 0.3367226665693517 0.012907997367830104 0.33237625127558573
0.00047 0.32761886407213736 0.012949378544243495 0.3233764033830322
0.00047099999999999996 0.33219260906784553 0.0126390852289463 0.327993998369411
0.000472 0.32728957318919827 0.01260841298050458 0.3231629710862158
0.000473 0.3320857874388583 0.01256816048379017 0.3279120799679409
0.000474 0.32657765607576716 0.0129481057179332 0.3223490940597833
0.000475 0.3314562863831263 0.012504861396893607 0.3273114714627762
0.00047599999999999997 0.3254561340499911 0.012489730707195223 0.32139127457870187
0.000477 0.33100625967219655 0.012440660709779616 0.3268883231028016
0.00047799999999999996 0.3244916888188121 0.012431909899254745 0.3204576373803596
0.000479 0.33087008127237816 0.012373261363517962 0.3267761392794266
0.00047999999999999996 0.32187991262594573 0.012869324280019356 0.31773753565113816
0.000481 0.32548313919927874 0.012318091624560379 0.32147380806837245
0.00048199999999999995 0.32178375130740733 0.01261945912982787 0.3177230144091408
0.000483 0.3252604002467405 0.012251534959900445 0.3212754610820464
0.000484 0.32177175836545335 0.012274892900201173 0.317822044493208
0.00048499999999999997 0.3252079184935046 0.012185111782581748 0.32124522365408054
0.000486 0.32081901979396155 0.012666483108368654 0.31675537109889795
0.00048699999999999997 0.3242902290179561 0.012236095649290402 0.32032218275756213
0.000488 0.320731589572125 0.012166432962387452 0.31682943018867576
0.000489 0.32420278190424967 0.012065066382602685 0.3202912538191504
0.00049 0.32029768270623604 0.012336445540126084 0.316346347786902
0.000491 0.3231748140870174 0.012380706615099879 0.31917368152841663
0.0004919999999999999 0.31955380676772727 0.01208342609196944 0.31569250196124193
0.000493 0.31546904238182827 0.011947614624131464 0.31169993983760635
0.000494 0.3195416259229813 0.012021806682996461 0.31570015826896486
0.000495 0.3108707707589602 0.011885012301204534 0.30717606782440504
0.000496 0.31899978746000635 0.012352361065180728 0.31505938690558444
0.0004969999999999999 0.30988025704818956 0.011923775586384355 0.30618531440449587
0.000498 0.31863830567303175 0.011913881661400005 0.31484208660645424
0.000499 0.30977440586149774 0.011860505761410345 0.30610032473604
0.0005 0.31859343051148703 0.011861388645131643 0.31481447001240453
0.0005009999999999999 0.30930029022197636 0.012306715987321082 0.3054938193954185
0.000502 0.3134148917975128 0.012037522021800418 0.30964215313554005
0.000503 0.30888556773123255 0.012075613381644035 0.3051555850361406
0.000504 0.31325245834953197 0.011766509913053724 0.30956657019307376
0.000505 0.30854601267436466 0.011739201693360624 0.3049239287998981
0.0005059999999999999 0.313288463452166 0.011704533215815716 0.30962156822555825
0.000507 0.30723228246621304 0.01211945745433135 0.3035087938902667
0.000508 0.31244995372434015 0.011653680789223297 0.30880876170102906
0.000509 0.3065473191880492 0.01170370830586287 0.30295957878232804
0.0005099999999999999 0.3124496989211991 0.011593790930410186 0.3088272224356371
0.000511 0.30488379615936334 0.01181330200701658 0.3012821117982871
0.000512 0.31152237124866633 0.011538430739922056 0.3079278919440773
0.000513 0.3034548220790181 0.011836638499484131 0.29986293704914346
0.000514 0.3069938334771929 0.01148692630217324 0.3034674179368187
0.0005149999999999999 0.30356933238251904 0.011505118481420384 0.3000767312461325
0.000516 0.3070723077680628 0.011427837125531082 0.30356313544912844
0.000517 0.30313237590269826 0.011828922764722971 0.29954664644065826
0.000518 0.306614110565266 0.011375092199269021 0.3031263467879892
0.0005189999999999999 0.3028112297750154 0.011406300979838302 0.2993572737481266
0.00052 0.30633701005854985 0.011320937259309216 0.30286898798747264
0.000521 0.30280554082894007 0.011358297792014471 0.29936618532313297
0.000522 0.30637936233683294 0.011263940938388395 0.3029283232947298
0.000523 0.3018187175448104 0.011768172118661657 0.29826686292810933
0.0005239999999999999 0.301403552718863 0.011576610846862623 0.2979143210811748
0.000525 0.30188671824738433 0.011279198057158157 0.2984816781614466
0.000526 0.295948903611569 0.011160634045197737 0.2926459262022828
0.000527 0.3020038462614665 0.011226416438595177 0.2986134253172778
0.0005279999999999999 0.2931181923178341 0.011617649427982657 0.2897128479185215
0.000529 0.3012370833828011 0.011184113465691814 0.29786801366217375
0.00053 0.2926500430647643 0.011230417816030791 0.2893634608072676
0.000531 0.3013165090704579 0.011135881595042085 0.2979610841028179
0.000532 0.29306865266462956 0.011082091822167295 0.2898208389456013
0.0005329999999999999 0.3004811878486122 0.011311078319717893 0.2970824215992547
0.000534 0.29195353432998816 0.01135412027052457 0.28863865878780076
0.000535 0.29610836825045594 0.011058212787140642 0.2928339389062894
0.000536 0.29177267017429376 0.011030965866217268 0.28855413580890604
0.0005369999999999999 0.29626382938151874 0.011002894221246173 0.29300406980525256
0.000538 0.29123260805275875 0.01134805049502341 0.2879276857107787
0.000539 0.2958782519818486 0.010953631341833359 0.2926373106875733
0.00054 0.29026273903243505 0.010940163834292194 0.2870872171124298
0.0005409999999999999 0.29567355293716147 0.01090374515987097 0.292449603865421
0.000542 0.2894343366058081 0.010896110732759423 0.28628062802428844
0.000543 0.2957898025257073 0.01085122605114841 0.2925801205148763
0.000544 0.2869253987791449 0.011292183585649151 0.2836853845007452
0.000545 0.290994265464235 0.010809007671765958 0.2878489062163922
0.0005459999999999999 0.2870461776280884 0.011096939650079518 0.2838608435181635
0.000547 0.2905537839232639 0.01075655928179342 0.2874284249219439
0.000548 0.2872480034735645 0.010772549732765646 0.2841536100705079
0.000549 0.29074871236509336 0.010704132888212536 0.28763649951086073
0.0005499999999999999 0.28649477369427423 0.01113528735143171 0.2833045720645051
0.000551 0.29005009419040295 0.010793985767604708 0.28691929760181933
0.000552 0.28660830587192265 0.010689308417556831 0.2835446612954242
0.000553 0.2902057815810526 0.010609703669812731 0.2871267842352112
0.000554 0.28634137918462965 0.010867888233310363 0.28322945307907915
0.0005549999999999999 0.2894587858074329 0.010909484196814145 0.2863009397580377
0.000556 0.2857817030766703 0.010622678473790614 0.2827459359311945
0.000557 0.28257922803376334 0.0105172531857185 0.27960727074750735
0.000558 0.2860078159296022 0.010575024246813225 0.2829832763413686
0.0005589999999999999 0.27866254101266597 0.010467498613855653 0.2757456412508824
0.00056 0.28568853055446874 0.01088495621284502 0.2825788234088713
0.000561 0.2772975590474116 0.010501650108111105 0.2743854771064624
0.000562 0.28554974467822936 0.01049161622644229 0.28255386634350677
0.000563 0.27731843722825356 0.010452407086900983 0.2744197920296407
0.0005639999999999999 0.2857334557701017 0.010451207204184687 0.2827471962186806
0.000565 0.2770047562017415 0.010853274804301372 0.2739983474605855
0.000566 0.28110540903975 0.010634593269212345 0.2781159673488367
0.000567 0.2767272546478925 0.010669798290618204 0.2737746306592829
0.0005679999999999999 0.28072533070464556 0.01037798589329686 0.2778119671827016
0.000569 0.27651417190562655 0.010354035189748478 0.27365113443925154
0.00057 0.2809860419158152 0.010328986366740178 0.27808374091962246
0.000571 0.27535624934277814 0.010706558404885491 0.27240813157703947
0.000572 0.2803471458908684 0.010289109266213847 0.27746262347432604
0.0005729999999999999 0.27478598643264895 0.010372597018662388 0.27193574212900745
0.000574 0.28056731118393863 0.01024177664679976 0.27769380344839956
0.000575 0.27323423627234367 0.010458199433603932 0.270376698137319
0.000576 0.2798961151677799 0.010198367214209525 0.2770416318034682
0.0005769999999999999 0.2719367814471614 0.010480369485665664 0.2690867835008524
0.000578 0.2754524928232511 0.01015788888853364 0.27265447700708295
0.000579 0.27223402466669455 0.010169841255305345 0.2694654478515414
0.00058 0.2757464891642938 0.010110646720827121 0.2729585138278452
0.000581 0.27198207377809425 0.010474261728966483 0.26913326235175544
0.0005819999999999999 0.2754906261546335 0.010068669801884644 0.27271680200636805
0.000583 0.2718258135708995 0.010092774174576546 0.2690823370197079
0.000584 0.2754148114669648 0.010025476386138321 0.27265364677821
0.000585 0.27197986485853476 0.010055474827381117 0.26924497817389526
0.0005859999999999999 0.2756631841850461 0.009979832257278165 0.2729121118473722
0.000587 0.27110635402372973 0.010429247350211834 0.26827891879940213
0.000588 0.2711987065313477 0.010274505902527709 0.26841227382033345
0.000589 0.27137849554920357 0.009991205089787514 0.2686670973432135
0.0005899999999999999 0.2664383836335227 0.009897376146258241 0.26380134273090067
0.0005909999999999999 0.2716996191364611 0.009949787717627112 0.2689962656030932
0.000592 0.2635428585511288 0.010309777892625327 0.2608257902142791
0.000593 0.2711148291382357 0.00991669976703391 0.26842626477528114
0.000594 0.26320290592099993 0.009995310439978033 0.2605721111676152
0.0005949999999999999 0.2713939707458959 0.009878997260946987 0.26871287045225967
0.000596 0.2637368375194631 0.00983734069549741 0.26114236839483107
0.000597 0.27079212501099414 0.010061227285059926 0.26806762389425415
0.000598 0.26276238532286045 0.010096898655124031 0.26010930014787687
0.0005989999999999999 0.2664882923503722 0.009818815781134027 0.2638716928999549
0.0006 0.262678532279881 0.009794711011427093 0.26010567196729373
0.000601 0.2668395256743592 0.009774544681041997 0.26423129080798713
0.000602 0.2622620602920276 0.01009356357720076 0.2596149015125823
0.000603 0.26663856810594 0.009764013798937043 0.2640351054476248
0.0006039999999999999 0.2614029363363157 0.009723294983824626 0.2588612384766798
0.000605 0.26661641956460347 0.009695451043164327 0.2640314531214111
0.000606 0.26067424885045143 0.009688766613233146 0.25814863689125955
0.000607 0.2669190704422093 0.009653492378250972 0.2643423692300856
0.0006079999999999999 0.2585661838651505 0.010051393323614266 0.2559672334509359
0.000609 0.26260011974054387 0.009620405859857073 0.2600738000097928
0.00061 0.2585321068883637 0.009891495415990992 0.25597483773819096
0.000611 0.2619977684721877 0.009578020671605514 0.2594883484298466
0.000612 0.2588845761928391 0.009589133999498733 0.2564020973013226
0.0006129999999999999 0.2623770858566523 0.009535593471248605 0.25987516462975235
0.000614 0.2582778398896619 0.009925226853101765 0.2557143737376279
0.000615 0.26184386451859476 0.009644760463497715 0.25931844316647634
0.000616 0.2585303188651502 0.009523501254941724 0.25606820504899747
0.0006169999999999999 0.2621796953272544 0.009459464269128637 0.2596996158672152
0.000618 0.25837463226924196 0.00970797010988983 0.2558663390620184
0.000619 0.2616447700202813 0.00974074111385742 0.259096156051719
0.00062 0.2579450408786683 0.00946881255656118 0.2555026076366937
0.000621 0.25544310093213296 0.009384933093832537 0.2530457845206038
0.0006219999999999999 0.25834889783326576 0.00943100727563484 0.255912407498148
0.000623 0.2520744959355059 0.009344412793273582 0.24971900779082817
0.000624 0.2581981384401262 0.00972384623554895 0.2556874594436294
0.000625 0.25049384656910423 0.009373427331228867 0.2481458607013687
0.0006259999999999999 0.2582248715546618 0.009364863527616174 0.25580663087311617
0.000627 0.2506016648177518 0.00933411043755078 0.24826252120250883
0.000628 0.2585771198380711 0.009332921664426064 0.2561638398344095
0.000629 0.2504072117772471 0.009700130987331967 0.24797822902283526
0.0006299999999999999 0.25439375253319363 0.00952106215852122 0.2519716538025856
0.0006309999999999999 0.2502200579179277 0.009548081472905645 0.24783093641877213
0.000632 0.25384870146540806 0.00927493284288533 0.25149427180706274
0.000633 0.2500931741151946 0.009253895410710533 0.24777883803899997
0.000634 0.2542768860804754 0.009235282288252544 0.2519285672581444
0.0006349999999999999 0.24905620685185959 0.009580972520237097 0.24667000617801743
0.000636 0.2537888095261043 0.009203276472702582 0.25145312094635747
0.000637 0.2485667970939549 0.00930390699305722 0.24625415473223064
0.000638 0.2541721704038544 0.009165010990411449 0.2518426796686464
0.0006389999999999999 0.24710885754485568 0.009378795156696429 0.24479127418853722
0.0006399999999999999 0.2536943695161673 0.009130197550394403 0.25137808980506193
0.000641 0.24599684119476173 0.009394491522317916 0.24368582595564056
0.000642 0.24934486539416256 0.009097667453414227 0.24707640872759015
0.000643 0.24633672491424718 0.009105459292272577 0.24409371589334877
0.0006439999999999999 0.2497995223514522 0.009059031753358426 0.24753658054649663
0.000645 0.2462203441046742 0.009393500671012744 0.24390747313710995
0.000646 0.24969700992387023 0.009024855702612244 0.24744353043993356
0.000647 0.2461791330973162 0.009043884199909036 0.2439527175251501
0.0006479999999999999 0.24977065625741268 0.0089896342489581 0.2475253094115363
0.000649 0.24644184838807237 0.009014171971857887 0.24422037918563974
0.00065 0.25017070428695254 0.008952273879602235 0.24793110762552278
0.000651 0.24564074959597249 0.009358189745090062 0.2433419968521272
0.000652 0.24612044377122722 0.009227974737780087 0.24384925053365508
0.0006529999999999999 0.24606475917527026 0.008960925530577146 0.24385979119260126
0.000654 0.24192849782626324 0.00888501380610135 0.23977895978298752
0.000655 0.24653791190684782 0.008927653844344852 0.2443369067698359
0.000656 0.23920467882856888 0.009260019448482981 0.23698963885044821
0.0006569999999999999 0.24609075472534148 0.008901151013331665 0.24390026375454646
0.000658 0.23881139281955255 0.008996915100548952 0.2366628269933112
0.000659 0.24651763710548313 0.008870974376831486 0.24433078546328335
0.00066 0.23942173182409876 0.00883697009190354 0.23730596914061744
0.000661 0.2460921760733119 0.009057422028956486 0.24386321537659164
0.0006619999999999999 0.2385572998700205 0.009083130589825239 0.23639045276214501
0.000663 0.24186740470797385 0.00882318703326368 0.23973336335898532
0.000664 0.2385345583693963 0.008801836116696715 0.23643501627846025
0.000665 0.2423645703086712 0.008787006825926813 0.2402349111750061
0.0006659999999999999 0.23820754872389127 0.009085020979411107 0.23604342814628063
0.000667 0.24230377094570965 0.008812757278728156 0.24016840662464456
0.000668 0.23743041621051564 0.008744375946677319 0.2353542353899948
0.000669 0.24241713922270325 0.008722575198661042 0.24030263749638894
0.00067 0.23677642003247934 0.008716672025793626 0.23471251763561465
0.0006709999999999999 0.2428569149837001 0.008688355918570978 0.24074688766903557
0.000672 0.23504908461075869 0.009051446354988835 0.23292155043061516
0.000673 0.2389252701348632 0.008661903888296296 0.2368557224084698
0.000674 0.23490365364852517 0.008915723062425995 0.2328093177262429
0.0006749999999999999 0.23820406533895522 0.008626939503694586 0.23614909327774192
0.000676 0.23528378600107058 0.008634698201554936 0.2332521815172321
0.000677 0.23872077788536417 0.008591894966379965 0.23666971403548062
0.000678 0.23478509369261236 0.008946812710101781 0.23268451543222085
0.0006789999999999999 0.23831281576116425 0.008709827233628675 0.23623715230832493
0.0006799999999999999 0.23513222866196926 0.008581782591316811 0.23311437499538046
0.000681 0.23878177183831895 0.008529267274399066 0.23674513828605534
0.000682 0.23504949735526837 0.008769490580609274 0.2329882330022344
0.000683 0.2384071743456586 0.00879201847316008 0.2363110940646777
0.0006839999999999999 0.2347112943601002 0.008537276051167164 0.23270749924782125
0.000685 0.23276762927147265 0.008467991334348779 0.2307965550038849
0.000686 0.23524759434182574 0.008505431375922246 0.23324671207180053
0.000687 0.22984600476677497 0.00843432262772753 0.2279074094078778
0.0006879999999999999 0.23522498539465575 0.00878335416669851 0.233158921039078
0.0006889999999999999 0.22815290998111593 0.008458456371071399 0.22622308854610768
0.00069 0.23537454153661397 0.008451846904380333 0.2333851919463578
0.000691 0.22832118836218562 0.008426388202959767 0.22639726539408472
0.000692 0.2358506421198101 0.008426036278755211 0.2338633560529409
0.0006929999999999999 0.2282173259329494 0.008764357678280488 0.22621714766009232
0.000694 0.23202985613022786 0.008616517651589606 0.23003056677918596
0.000695 0.22808753383561475 0.008634155523454756 0.2261181905955168
0.000696 0.2313619728967986 0.00837911637051958 0.22942336400218333
0.0006969999999999999 0.22801913656403583 0.008360557776014521 0.22611276939875527
0.0006979999999999999 0.23191497807502492 0.00834641018513177 0.22997932053993492
0.000699 0.2270777543783049 0.008664763538921094 0.2251101793316677
0.0007 0.23154133880651862 0.008320219690820974 0.22961486400014156
0.000701 0.22664610614481684 0.008428991397658347 0.22473570806580942
0.0007019999999999999 0.23204522514497206 0.008288698003610262 0.2301218723505656
0.000703 0.22530442253906569 0.00849941785266184 0.22338946610785348
0.000704 0.23171381095564936 0.008260246067182453 0.2297997978599911
0.000705 0.22450095564226658 0.008507240219474466 0.22259107208311624
0.0007059999999999999 0.22746441934115236 0.008233612758453523 0.22559156539597083
0.000707 0.22466294634180106 0.008238545070283376 0.2228120505327415
0.000708 0.22803869840919266 0.00820142213851005 0.2261684567796225
0.000709 0.22464607441126794 0.008512154822907292 0.2227338522455209
0.00071 0.22805299074335994 0.008173068703717368 0.22618909798192624
0.0007109999999999999 0.22468437674348452 0.008188347911613159 0.2228445828964049
0.000712 0.22823747308896758 0.008143818457935159 0.22637874854283316
0.000713 0.22501985832162408 0.008164182939566111 0.22318275503325108
0.000714 0.22874882413147968 0.008112682169697405 0.22689305762460898
0.0007149999999999999 0.2242640154050537 0.008483105293914106 0.22236156014873668
0.000716 0.22503750666047773 0.008370089806950698 0.22315392251979724
0.000717 0.22480078915640944 0.008120241026857877 0.22297535256543152
0.000718 0.22131672781136502 0.008056821036963813 0.21953361854290243
0.000719 0.22538723758591583 0.008092091953775249 0.2235633833341632
0.0007199999999999999 0.21897286583593734 0.00840017324023068 0.21713345582800567
0.000721 0.2250447141822478 0.008070437726296176 0.22322850483080786
0.000722 0.21834775547780616 0.008174792545807552 0.21656280787393237
0.000723 0.22558059540939035 0.008045803652491024 0.22376561823091437
0.0007239999999999999 0.21900856044291506 0.00801686390742462 0.21725279861928323
0.000725 0.2252888046790782 0.008234093353921723 0.2234337556297572
0.000726 0.21823207284671198 0.008249816626943296 0.21643169826360886
0.000727 0.22115094341371866 0.008007069033358405 0.21938017254301267
0.0007279999999999999 0.2182455006602908 0.007988093602780078 0.2165021351726308
0.0007289999999999999 0.2217566903520578 0.007976984315508084 0.21998774071126045
0.00073 0.21798401696584868 0.008257350280964804 0.21618404658210988
0.000731 0.22180285587608117 0.008029601635883399 0.22002186730169498
0.000732 0.21726878435592134 0.007940974983727533 0.21554345837460606
0.0007329999999999999 0.22201668111845518 0.007923569958919074 0.22025751641356608
0.000734 0.21667232514314794 0.007918305992716812 0.21495664737251105
0.000735 0.2225569684999349 0.007895176597855824 0.22079984193054447
0.000736 0.21526628830119998 0.00822940794297189 0.21349477419840002
0.0007369999999999999 0.21894340217179242 0.007873667002238016 0.21721951473075465
0.0007379999999999999 0.2151618092741059 0.008111023101497528 0.21341662686852358
0.000739 0.21813707939854843 0.00784432972125193 0.2164259402233153
0.00074 0.21540447006384178 0.007849714359215554 0.2137136065021424
0.000741 0.218756127542576 0.007814888385704044 0.21704657282214193
0.0007419999999999999 0.21498615688901213 0.008140461232854557 0.21323607041325673
0.000743 0.21844357923317426 0.007935752857841427 0.21671006497499748
0.000744 0.2153965179348314 0.007806246476695922 0.21371507962561004
0.000745 0.2190105999404277 0.007762494331740255 0.2173105313997991
0.0007459999999999999 0.21536080388606837 0.007995041475769848 0.2136389853267441
0.0007469999999999999 0.21875764441181578 0.008007769549550181 0.2170058836081635
0.000748 0.21508658042797713 0.0077699500930498155 0.213415368432367
0.000749 0.2135893824370938 0.007711285277424429 0.21194233377689248
0.00075 0.2157213015319719 0.007742171807774367 0.21405115015291465
0.0007509999999999999 0.21103704696564396 0.007682838866576225 0.20941568333892885
0.000752 0.21579666916622653 0.008006720694358482 0.21406884550943966
0.000753 0.2092997061995907 0.0077026148750130585 0.2076875511692819
0.000754 0.21603720642829627 0.0076979761681241765 0.21437415716178312
0.0007549999999999999 0.20951076808013314 0.0076759832766250535 0.20790256692807715
0.0007559999999999999 0.21660394396760707 0.007676729513682701 0.21494113407817086
0.000757 0.2094774640553272 0.007990613375988442 0.20780361062907857
0.000758 0.2130820298154963 0.007867608358305744 0.21140558385671512
0.000759 0.2093818780200125 0.007876295131422628 0.20773272455355535
0.0007599999999999999 0.21232503053881002 0.00763807692283236 0.21070327562291186
0.000761 0.20935297164759148 0.007621617881984233 0.20775736329523567
0.000762 0.21297096495263035 0.007610662575543159 0.21135011479998803
0.000763 0.20848872095539162 0.007905425405636546 0.20684052892396218
0.0007639999999999999 0.21268468846240274 0.00758887727062979 0.21107065046431941
0.000765 0.20809903790330853 0.00770069714378363 0.20649653023650238
0.000766 0.21327722954658346 0.0075624974941870815 0.21166432103257027
0.000767 0.20703383288705068 0.007769581344122811 0.20542526668144923
0.000768 0.21305703827082056 0.007538867825919282 0.21145082941991503
0.0007689999999999999 0.20630697163633438 0.007769723991999267 0.20470402340909485
0.00077 0.20891181850045326 0.007516716566605186 0.20734148757337129
0.000771 0.20633499509879183 0.007519791525962549 0.2047833989511384
0.000772 0.20957481783000387 0.007489477447260806 0.20800521195835225
0.0007729999999999999 0.20636494854318954 0.007780250158931856 0.20475937761948843
0.000774 0.2096785602866622 0.0074655808162711335 0.20811318804940276
0.000775 0.20645750273512653 0.007478018409115883 0.20491360972897316
0.000776 0.20994504513550072 0.007440915367139311 0.20838286182289723
0.0007769999999999999 0.20684063006072773 0.007458016596756822 0.2052980092088512
0.0007779999999999999 0.21053766496151716 0.007414571758712241 0.20897661833674827
0.000779 0.2061124198366422 0.007755410173564681 0.20451393347894306
0.00078 0.20710679932506637 0.007655006081954907 0.20552139551661877
0.000781 0.20673248342192396 0.007421624124152204 0.2051981926357139
0.0007819999999999999 0.20378111121667297 0.007367605530423038 0.20227973237467725
0.000783 0.20740320268240842 0.00739704520539064 0.20586903181642385
0.000784 0.2017708267346232 0.00768377638787221 0.20022046482039826
0.000785 0.20714073218967277 0.0073790520701078055 0.20561222994100492
0.0007859999999999999 0.20101283392118785 0.007487034417770988 0.19950784391520623
0.0007869999999999999 0.20775662739133827 0.007358604500214416 0.20622782853806698
0.000788 0.20168959477204784 0.007333169032602782 0.20021057088146724
0.000789 0.20756653544325232 0.007546918041737349 0.20600004781205472
0.00079 0.20100147893011022 0.007553593022529059 0.19948319556134572
0.0007909999999999999 0.203521569816681 0.007326652829145686 0.20203043793139144
0.000792 0.20103252821515483 0.0073097186568018 0.19956303699303646
0.000793 0.20420767606965562 0.007301270803284132 0.20271670052656174
0.000794 0.20082441862209954 0.007566368348779717 0.19930490709737522
0.0007949999999999999 0.20433589737353164 0.0073737692278170175 0.20282917162134032
0.0007959999999999999 0.20017246250174825 0.007270452557266438 0.1987171181098581
0.000797 0.20462395848013548 0.007256328905334175 0.20313913973549216
0.000798 0.19963432633106382 0.007251591365139198 0.19818665977405608
0.000799 0.2052374751131607 0.007232421441444925 0.20375311119756426
0.0007999999999999999 0.19852697006049547 0.0075422646001920834 0.1970296271220248
0.000801 0.20190099389729466 0.007214672969604874 0.2004443442540875
0.000802 0.1984465271754985 0.007436832118762726 0.19697071366834282
0.000803 0.2010561581857102 0.007189704608911607 0.19961062379855235
0.0008039999999999999 0.1985628668986974 0.007193373216785703 0.19713453009010012
0.0008049999999999999 0.20173438990739445 0.00716461609378638 0.20028904045079376
0.000806 0.19821287427611023 0.007465126994612048 0.196733189997672
0.000807 0.20150025488252177 0.007285150471888491 0.20003229520557872
0.000808 0.1986529647037043 0.007157094198261327 0.19723118672255602
0.0008089999999999999 0.20212367798674125 0.007120157644680658 0.20068452553575297
0.00081 0.19864642476344185 0.007345356816724213 0.19718729589318781
0.000811 0.20196679208579638 0.00734938445997968 0.20048246048260907
0.000812 0.19842162955161746 0.007126996471004232 0.19700747929803217
0.0008129999999999999 0.19730893437889074 0.00707676571836191 0.1959126252761517
0.0008139999999999999 0.19911191943937911 0.0071029305851904034 0.1976976412969172
0.000815 0.19511688530885718 0.0070615600551225954 0.19373905570548022
0.000816 0.19925854690556855 0.007354950073629241 0.1977930102413342
0.0008169999999999999 0.19342016074186041 0.0070683881602628396 0.1920529919677165
0.0008179999999999999 0.19955856605460753 0.007065553399328406 0.19814857434985528
0.000819 0.19365563679355668 0.007045928345729369 0.19229115305296268
0.00082 0.2001760212773993 0.007047784690210224 0.19876522377929326
0.000821 0.19367731209196992 0.007340667664025968 0.19225559130984093
0.0008219999999999999 0.19697847665771406 0.007237607317117145 0.1955528237937416
0.000823 0.19360064659732057 0.007238350420914197 0.19219929727553361
0.000824 0.1961774099139273 0.007015452869074457 0.19480113654069903
0.000825 0.19359746838795044 0.0070007754695292634 0.1922421359802971
0.0008259999999999999 0.19687514927906635 0.0069921592037441305 0.19549856689204623
0.0008269999999999999 0.19281442290189488 0.007266421081461083 0.1914133521145108
0.000828 0.1966604158839389 0.006973782695862685 0.19528894887868634
0.000829 0.19246318772602256 0.007085729592200551 0.19109944562134304
0.00083 0.19730199970129436 0.006951406995405585 0.19593047320036328
0.0008309999999999999 0.19164859909061183 0.007154369373994662 0.190277474222709
0.000832 0.19716916048784894 0.006931508543743081 0.19580248076736476
0.000833 0.19099942083954669 0.007147624666035357 0.18963422866795548
0.000834 0.19322210765541414 0.006912834971693926 0.1918863951123094
0.0008349999999999999 0.1910359525854035 0.006915239482881141 0.18971489322343513
0.0008359999999999999 0.19393297310437574 0.006889483423929033 0.19259687510081988
0.000837 0.19096750727032075 0.007163084664052466 0.18959959084766037
0.000838 0.19410086787653857 0.006869071953766348 0.19276757504880615
0.000839 0.19109250700057512 0.006879311525866405 0.18977792211465935
0.0008399999999999999 0.19441958013950722 0.006848001558330541 0.1930881945517419
0.000841 0.19149548075987455 0.00686250452790188 0.19018134215608717
0.000842 0.19505560167904412 0.006825425910467697 0.19372426412136212
0.000843 0.19079890440838532 0.007141184275741619 0.18943637427239543
0.0008439999999999999 0.19193073925745718 0.007050390058597256 0.1905775526814572
0.0008449999999999999 0.19146358865292168 0.0068319243914563565 0.19015552389152804
0.000846 0.18900606613088367 0.0067974244001199335 0.18772131168519493
0.000847 0.19217934196985054 0.006810279563403632 0.1908705469247249
0.000848 0.18727744887023112 0.007078186214043269 0.18595186421343668
0.0008489999999999999 0.19198219239459902 0.006795110837541973 0.19067765211844342
0.00085 0.18642510172452487 0.006903799354908702 0.1851380602275003
0.000851 0.19264039579206083 0.006777894600391854 0.1913346994936045
0.000852 0.18712343330586667 0.0067549862978485975 0.18585941707787915
0.0008529999999999999 0.19252970288574955 0.006964904699592378 0.1911887518533095
0.0008539999999999999 0.18649194154640103 0.006963747206760018 0.185193258809374
0.000855 0.1886688748341947 0.0067511375319737055 0.18739514531218632
0.000856 0.1865290535804529 0.006735959945952608 0.18527260134677853
0.000857 0.18939628987643675 0.006729457679366169 0.1881217555590843
0.0008579999999999999 0.1863559854957495 0.006981084021134176 0.1850550187031624
0.000859 0.18958254684493792 0.006816643527115918 0.1882902302041332
0.00086 0.18573920671027966 0.006702781804706126 0.18449423733512146
0.000861 0.18991663062645503 0.0066911611533678195 0.1886458678452288
0.0008619999999999999 0.1852360787585463 0.0066868620902211795 0.18399743064575455
0.0008629999999999999 0.19056736769281235 0.006670775232441084 0.18929613561629566
0.000864 0.18435275809586793 0.006959693923425214 0.18306971932558144
0.000865 0.18750778368323107 0.006655941795041476 0.18625974278891824
0.0008659999999999999 0.18428117469980232 0.006864279839905452 0.18301621714743638
0.0008669999999999999 0.1866237832452633 0.006634434533384748 0.18538563997295002
0.000868 0.18429110449703634 0.006636843240994228 0.18306799332577983
0.000869 0.18735739756160408 0.006612795208671751 0.1861184414606995
0.00087 0.1839849202128616 0.006891697242341288 0.18271695184559825
0.0008709999999999999 0.18717743330479575 0.006731183846098776 0.18591750758938028
0.0008719999999999999 0.1844496840986365 0.006606147568709642 0.18323118226647903
0.000873 0.1878521319708939 0.006574611205075465 0.18661707723914073
0.000874 0.18446008592939744 0.006792707989568436 0.18320710242994834
0.0008749999999999999 0.18776365929264704 0.006789283445089944 0.18648887858902197
0.0008759999999999999 0.1842645308096329 0.006580828300368435 0.18305191757052675
0.000877 0.18343148221404348 0.0065374052684219475 0.18223231627582295
0.000878 0.18500714647551608 0.006560197227444053 0.18379346310615008
0.000879 0.1814899296940231 0.006535083106501027 0.18030387792047964
0.0008799999999999999 0.18521023544333048 0.006800415409558724 0.18395072890421368
0.000881 0.17981984748130886 0.006529034955197299 0.17864579741146513
0.000882 0.18555825993627217 0.006527779094236463 0.18434697660629729
0.000883 0.1800774061105166 0.0065098404631458995 0.17890513092572
0.0008839999999999999 0.18622241587959465 0.006512714719713708 0.18500960241055497
0.0008849999999999999 0.18014361297805404 0.006787322675165186 0.17892092014890193
0.000886 0.18322448569070993 0.006700437887463939 0.18199680140487678
0.000887 0.18007265856069066 0.00669437577772497 0.17886718451699143
0.000888 0.18238111395322165 0.00648531341891917 0.1811983152675434
0.0008889999999999999 0.18008615349524693 0.006472154981382927 0.1789206079998246
0.00089 0.18312904732158386 0.006465288295632254 0.18194506523534534
0.000891 0.17935374463639664 0.006721608258245526 0.17814819902530138
0.000892 0.18296421252191641 0.006449598282299129 0.18178416685111284
0.0008929999999999999 0.17902439547559812 0.006559996504734766 0.17784999606701596
0.0008939999999999999 0.18365192053941226 0.006430397561191958 0.18247096567746743
0.000895 0.17840007281559656 0.006628893141227832 0.1772174777965147
0.000896 0.1835819026550074 0.006413437737348704 0.1824045115526255
0.000897 0.17780173698584845 0.0066162183127617125 0.17662536187756184
0.0008979999999999999 0.17973359256068422 0.0063975108560337945 0.17858374495108328
0.000899 0.17783873992054056 0.006399376380005706 0.17670068288884308
0.0009 0.1804912726937664 0.006378522963010447 0.17934000496626623
0.000901 0.1776848506645441 0.006635849042925912 0.17650576081831934
0.0009019999999999999 0.1807109418821975 0.0063596332128494915 0.17956168657427815
0.0009029999999999999 0.1778322273248769 0.006368144278069698 0.1766997660439816
0.000904 0.18107275948660928 0.006341432944675651 0.17992449872421756
0.000905 0.1782528214907524 0.0063538365842457645 0.17712023219231943
0.000906 0.18175038208171235 0.006321872733448031 0.18060137929693623
0.0009069999999999999 0.17756405774956985 0.006616075980380887 0.17638928045211397
0.000908 0.17881452397602327 0.006532849839032906 0.17764635554184977
0.000909 0.17827198657953147 0.0063278178050846234 0.1771439139287057
0.00091 0.17616473510025132 0.00630751352914205 0.17505357365024876
0.0009109999999999999 0.1790331105956846 0.006308722721024895 0.17790364034305384
0.0009119999999999999 0.17465002107878158 0.006559852781129638 0.17350434265228357
0.000913 0.17888195797309203 0.006295663997080481 0.17775577727055358
0.000914 0.17374289277354404 0.006403331803442991 0.17263035938262503
0.0009149999999999999 0.17958151198270245 0.006280988828323952 0.17845356251216557
0.0009159999999999999 0.17445520672833115 0.006259974504416177 0.17336312158204914
0.000917 0.1795284971093032 0.006465756215995155 0.17836770961317044
0.000918 0.17387206265547017 0.00645797813765242 0.17274920067609262
0.000919 0.1757589835733473 0.006258286025155213 0.17465903358265472
0.0009199999999999999 0.1739073607204913 0.0062446257317791964 0.1728213743407903
0.0009209999999999999 0.176528432726893 0.006239571609975125 0.1754269709296969
0.000922 0.17376153301703745 0.0064791497052951175 0.17263570603159847
0.000923 0.17676237821364915 0.006337562198035052 0.17564213564744754
0.0009239999999999999 0.1731734826610436 0.006216253008600403 0.17209699247844207
0.0009249999999999999 0.1771353178293733 0.006206576779115902 0.1760359138789722
0.000926 0.17270010449594864 0.0062026476661771746 0.17162890659584829
0.000927 0.17782328175616313 0.006189001938919914 0.17672273312058914
0.000928 0.17200900611962378 0.006459745307128006 0.17089787174955878
0.0009289999999999999 0.17494328145508398 0.00617646404124178 0.1738627505679198
0.0009299999999999999 0.17193772653855932 0.006372313062038504 0.17084208551788044
0.000931 0.1740362013829535 0.006161352955125543 0.1729639029192638
0.000932 0.17195926854732502 0.006159683278873118 0.17090005391620683
0.0009329999999999999 0.17481052569604638 0.006138887393811798 0.17373738356354532
0.0009339999999999999 0.1715824466832292 0.006398994674183478 0.17048449152071984
0.000935 0.17467283680122958 0.006254148606462229 0.17358040692236237
0.000936 0.17206100743689 0.006132938118349807 0.17100576792569863
0.000937 0.17538429008587642 0.006105748113513332 0.17431343778754468
0.0009379999999999999 0.17208110117597575 0.006316976102525962 0.17099406897215078
0.000939 0.1753485627957514 0.006307290236411467 0.17424258851766097
0.00094 0.17190564860545443 0.006111369782461407 0.17085506961913263
0.000941 0.17129875632563274 0.006073517575111764 0.17025837031849422
0.0009419999999999999 0.17268583637579837 0.006093504273508188 0.17163357449386812
0.0009429999999999999 0.16957120771974843 0.006080284794192481 0.16854016648391718
0.000944 0.17293283782762825 0.006323024071387795 0.17183937933131074
0.000945 0.16794723252189048 0.0060650236339661046 0.16692862858738602
0.000946 0.1733158011563951 0.006065117587931879 0.17226462044253496
0.0009469999999999999 0.16822150848297257 0.006048429632333263 0.16720403252626834
0.000948 0.1740131377526719 0.006052193188527122 0.17295997662565096
0.000949 0.16832506679979065 0.006310733899808463 0.16726281209454968
0.00095 0.1711860399420404 0.006237092024547641 0.17011833685760402
0.0009509999999999999 0.16825219702079908 0.006225311021156865 0.16720477476435164
0.0009519999999999999 0.17031667793059047 0.006028705466522899 0.16928988884331028
0.000953 0.16827664601766457 0.006016849570400495 0.16726415075236475
0.000954 0.1711013114181772 0.006011314627677955 0.17007276760203424
0.0009549999999999999 0.1675880298329746 0.006251825317376336 0.1665402987451756
0.0009559999999999999 0.17097548533938878 0.00599777575295285 0.16995001271907084
0.000957 0.16727565381904896 0.006105681581676459 0.1662543219404631
0.000958 0.1716959896375969 0.0059811324047129855 0.17066905319021622
0.000959 0.16681328033825582 0.0061749490654431916 0.1657832168287276
0.0009599999999999999 0.1716744516880886 0.005966523051740946 0.1706501521146966
0.0009609999999999999 0.16625877806443223 0.00615728239657376 0.16523507581698024
0.000962 0.16792645085288882 0.005952799235239559 0.16692681840467527
0.000963 0.16629009378790993 0.005954231578989333 0.16529996406020486
0.0009639999999999999 0.16871737502662043 0.005944154314141359 0.16771449291398532
0.0009649999999999999 0.1661594747475028 0.0061803581762921445 0.16513254967917868
0.000966 0.16897731825466544 0.005919695277783632 0.16797702402174078
0.000967 0.1662229872364709 0.005926828326590916 0.1652378121271872
0.000968 0.16937031001980452 0.005903822235274969 0.16837037781751418
0.0009689999999999999 0.16665295833898264 0.005914508891796844 0.16566728793504246
0.0009699999999999999 0.17007721756200667 0.005886712507278624 0.16907602187818127
0.000971 0.16596843634894776 0.00616217740854047 0.1649457093999475
0.000972 0.16730367646363642 0.006085080816223887 0.16628562007150383
0.0009729999999999999 0.16670659748208827 0.0058921297673347195 0.16572434057665297
0.0009739999999999999 0.16489140436156768 0.005882313290669738 0.16392146146217443
0.000975 0.16750068599085055 0.005875495766921535 0.16651653641935485
0.000976 0.16355948756986471 0.006111389711553894 0.16255991180030321
0.000977 0.16738555818594092 0.005863799707619799 0.16640404279879042
0.000978 0.162625723163081 0.005969436120047522 0.16165493929718244
0.000979 0.16811423281953153 0.0058511555374641255 0.167130570295243
0.00098 0.1633467626760836 0.005831611754985977 0.16239418777472286
0.0009809999999999999 0.16810577041648456 0.006033034128469061 0.1670915825663693
0.000982 0.16280548390924143 0.006019734933052412 0.16182543805046046
0.000983 0.1644301235043586 0.0058316698607919215 0.16347122130891195
0.0009839999999999998 0.16283352839888754 0.0058193262889370545 0.16188594696635553
0.000985 0.16522905939712285 0.005815366605334493 0.164268191842874
0.000986 0.16270933376696384 0.006044062703678688 0.16172590835120254
0.000987 0.16550010518951508 0.005921239624200381 0.1645201394088576
0.000988 0.1621453277621938 0.005794806436497768 0.1612057269732294
0.0009889999999999999 0.1659009577902104 0.005786664491226612 0.16494094460870531
0.00099 0.16169786240319417 0.005783051538637007 0.16076275533122905
0.000991 0.16661487514384143 0.005771366558521562 0.16565327962528403
0.000992 0.1611721758151048 0.006026159481765769 0.1602009265796198
0.000993 0.16388962309106958 0.0057606618356232375 0.16294551039407418
0.0009939999999999999 0.1610951774241014 0.005945248096268396 0.16013742662720273
0.000995 0.1629718190738092 0.005754676817770643 0.16203396892463523
0.000996 0.16112487420503108 0.005745780983851034 0.1601990859667984
0.000997 0.16377548326550628 0.005727642056325699 0.16283743591975972
0.000998 0.16068600818688306 0.005971271608947615 0.1597265083882416
0.0009989999999999999 0.16367096129851055 0.005839283095529169 0.16271524022097114
0.001 0.16117054649114504 0.00572226259913855 0.16024828630087604
